=================================================================================================================
ISOTOPE ACTIVITY CALCULATION 
=================================================================================================================

Parent:    83214
Time:      1000

Start Tally
----------------------------------------------------------------------------
83214  Bi  83  214  0  0.0  0.0  1188.0  0.000583457222694
81210  Tl  81  210  0  0.0  0.0  78.0  0.00888650231487
82210  Pb  82  210  0  0.0  0.0  701510000.0  9.88078830751e-10
80206  Hg  80  206  0  0.0  0.0  499.2  0.0013885159867
81206  Tl  81  206  0  0.0  0.0  252.12  0.00274927487133
82206  Pb  82  206  0  0.0  0.0  None  0.0
83210  Bi  83  210  0  0.0  0.0  432950.0  1.60098667412e-06
84210  Po  84  210  0  0.0  0.0  11955700.0  5.79762941994e-08
84214  Po  84  214  0  0.0  0.0  0.0001623  4270.77745262

Decay Chains
----------------------------------------------------------------------------
Chain 1    83214 -> 81210 -> 82210 -> 80206 -> 81206 -> 82206
Chain 2    83214 -> 81210 -> 82210 -> 83210 -> 81206 -> 82206
Chain 3    83214 -> 81210 -> 82210 -> 83210 -> 84210 -> 82206
Chain 4    83214 -> 84214 -> 82210 -> 80206 -> 81206 -> 82206
Chain 5    83214 -> 84214 -> 82210 -> 83210 -> 81206 -> 82206
Chain 6    83214 -> 84214 -> 82210 -> 83210 -> 84210 -> 82206

Decay Chains
----------------------------------------------------------------------------
Chain 1    
0   83214  0.0   ***     
1   81210  0.0   ***     
2   82210  0.0   ***     
3   80206  0.0   ***     
4   81206  0.0   ***     
5   82206  0.0   ***     
Chain 2    
0   83214  0.0        
1   81210  0.0        
2   82210  0.0        
3   83210  0.0   ***     
4   81206  0.0   ***     
5   82206  0.0   ***     
Chain 3    
0   83214  0.0        
1   81210  0.0        
2   82210  0.0        
3   83210  0.0        
4   84210  0.0   ***     
5   82206  0.0   ***     
Chain 4    
0   83214  0.0        
1   84214  0.0   ***     
2   82210  0.0   ***     
3   80206  0.0   ***     
4   81206  0.0   ***     
5   82206  0.0   ***     
Chain 5    
0   83214  0.0        
1   84214  0.0        
2   82210  0.0        
3   83210  0.0   ***     
4   81206  0.0   ***     
5   82206  0.0   ***     
Chain 6    
0   83214  0.0        
1   84214  0.0        
2   82210  0.0        
3   83210  0.0        
4   84210  0.0   ***     
5   82206  0.0   ***     

End Tally
----------------------------------------------------------------------------
83214  Bi  83  214  0  0.0
81210  Tl  81  210  0  0.0
82210  Pb  82  210  0  0.0
80206  Hg  80  206  0  0.0
81206  Tl  81  206  0  0.0
82206  Pb  82  206  0  0.0
83210  Bi  83  210  0  0.0
84210  Po  84  210  0  0.0
84214  Po  84  214  0  0.0

