=================================================================================================================
ISOTOPE ACTIVITY CALCULATION 
=================================================================================================================

Parent:    41090
Time:      1000

Start Tally
----------------------------------------------------------------------------
41090  Nb  41  90  0  0.0  0.0  52524.0  1.31967706298e-05
1040090  Zr  40  90  1  0.0  0.0  0.8082  0.857643133581
40090  Zr  40  90  0  0.0  0.0  None  0.0
42090  Mo  42  90  0  0.0  0.0  20016.0  3.46296553038e-05
2041090  Nb  41  90  2  0.0  0.0  0.00622  111.438453466

