24049     Cr49      2218000000.0          2.168e-07             1.78624116249         3.87257084029e-07     
24049     Cr49      2235000000.0          2.168e-07             1.78624116249         3.87257084029e-07     
24049     Cr49      2091000000.0          3.794e-07             1.78624116249         6.77699897051e-07     
24049     Cr49      2144000000.0          9.214e-07             1.78624116249         1.64584260712e-06     
26055     Fe55      125949000.0           1.3e-09               19393.6995083         2.52118093608e-05     
24049     Cr49      1508300000.0          0.00010298            1.78624116249         0.000183947114914     
24049     Cr49      1423600000.0          0.00011924            1.78624116249         0.000212991396216     
24049     Cr49      1570600000.0          0.00019512            1.78624116249         0.000348531375626     
1025052   Mn52-M    3951000000.0          7.0013e-06            71.1029065191         0.000497812779412     
24049     Cr49      1514500000.0          0.00028726            1.78624116249         0.000513115636338     
27057     Co57      230270000.0           4e-06                 150.877816523         0.000603511266091     
24049     Cr49      1361600000.0          0.00050948            1.78624116249         0.000910054147468     
1025052   Mn52-M    3771700000.0          1.80033e-05           71.1029065191         0.00128008695694      
1025052   Mn52-M    3381500000.0          2.50046e-05           71.1029065191         0.00177789973635      
1025052   Mn52-M    4815400000.0          2.50046e-05           71.1029065191         0.00177789973635      
27057     Co57      366740000.0           1.3e-05               150.877816523         0.0019614116148       
27057     Co57      352340000.0           3.2e-05               150.877816523         0.00482809012873      
1025052   Mn52-M    2337400000.0          7.0013e-05            71.1029065191         0.00497812779412      
1025052   Mn52-M    2038000000.0          8.00148e-05           71.1029065191         0.00568928484454      
27057     Co57      339670000.0           3.8e-05               150.877816523         0.00573335702787      
27057     Co57      706420000.0           5e-05                 150.877816523         0.00754389082614      
23047     V47       2793300000.0          6.494e-06             1222.19100921         0.00793690841378      
25057     Mn57      1265000000.0          1.375e-07             89390.5893812         0.0122912060399       
1025052   Mn52-M    3161800000.0          0.000220041           71.1029065191         0.0156455546534       
27058     Co58      1674710000.0          0.00528               3.47259601749         0.0183353069723       
1025052   Mn52-M    704600000.0           0.000280052           71.1029065191         0.0199125111765       
1025052   Mn52-M    1333620000.0          0.000300056           71.1029065191         0.0213348537185       
27057     Co57      569940000.0           0.00015               150.877816523         0.0226316724784       
27058     Co58      863958000.0           0.007                 3.47259601749         0.0243081721224       
25057     Mn57      1250600000.0          2.75e-07              89390.5893812         0.0245824120798       
23047     V47       1243500000.0          2.483e-05             1222.19100921         0.0303470027586       
1025052   Mn52-M    1530670000.0          0.000460085           71.1029065191         0.0327133807458       
23047     V47       2003100000.0          3.629e-05             1222.19100921         0.0443533117241       
23047     V47       2548700000.0          6.685e-05             1222.19100921         0.0817034689654       
27056     Co56      3611800000.0          8.4e-05               1163.31661116         0.0977185953378       
23047     V47       2366300000.0          8.404e-05             1222.19100921         0.102712932414        
23047     V47       2525600000.0          8.786e-05             1222.19100921         0.107381702069        
27056     Co56      3369690000.0          0.000103              1163.31661116         0.11982161095         
23047     V47       2007300000.0          9.932e-05             1222.19100921         0.121388011034        
1025052   Mn52-M    1727530000.0          0.00220041            71.1029065191         0.156455546534        
27056     Co56      3600710000.0          0.000167              1163.31661116         0.194273874064        
27056     Co56      2657400000.0          0.000195              1163.31661116         0.226846739177        
27056     Co56      1272200000.0          0.000202              1163.31661116         0.234989955455        
27057     Co57      692010000.0           0.00159               150.877816523         0.239895728271        
27056     Co56      263410000.0           0.000234              1163.31661116         0.272216087012        
24049     Cr49      62300000.0            0.166936              1.78624116249         0.298187954702        
27056     Co56      411380000.0           0.000269              1163.31661116         0.312932168403        
27056     Co56      674700000.0           0.00035               1163.31661116         0.407160813907        
27056     Co56      655000000.0           0.00038               1163.31661116         0.442060312242        
27056     Co56      1198780000.0          0.00044               1163.31661116         0.511859308912        
24049     Cr49      152930000.0           0.30894               1.78624116249         0.551841344741        
27056     Co56      852780000.0           0.00049               1163.31661116         0.57002513947         
27056     Co56      1089030000.0          0.00054               1163.31661116         0.628190970029        
25057     Mn57      898400000.0           7.15e-06              89390.5893812         0.639142714076        
27056     Co56      486540000.0           0.00058               1163.31661116         0.674723634475        
25057     Mn57      460100000.0           7.7e-06               89390.5893812         0.688307538235        
27056     Co56      1640450000.0          0.000621              1163.31661116         0.722419615533        
27056     Co56      2523000000.0          0.00063               1163.31661116         0.732889465033        
23047     V47       1549900000.0          0.00066468            1222.19100921         0.812365919999        
27056     Co56      896503000.0           0.000704              1163.31661116         0.81897489426         
23047     V47       2163000000.0          0.00067041            1222.19100921         0.819369074482        
26052     Fe52      1039940000.0          0.00095               916.8791916           0.87103523202         
27056     Co56      1462340000.0          0.000778              1163.31661116         0.905060323486        
27056     Co56      2373700000.0          0.00078               1163.31661116         0.907386956708        
24049     Cr49      90630000.0            0.542                 1.78624116249         0.968142710072        
23047     V47       1390400000.0          0.00079265            1222.19100921         0.968769703447        
27056     Co56      1159930000.0          0.00088               1163.31661116         1.02371861782         
23047     V47       244400000.0           0.00093781            1222.19100921         1.14618295034         
1025052   Mn52-M    377738000.0           0.0167992             71.1029065191         1.1944719472          
23047     V47       159800000.0           0.00106769            1222.19100921         1.30492111862         
27056     Co56      996939000.0           0.00116               1163.31661116         1.34944726895         
27056     Co56      2276360000.0          0.00118               1163.31661116         1.37271360117         
27056     Co56      1335380000.0          0.001228              1163.31661116         1.42855279851         
27056     Co56      1140360000.0          0.00132               1163.31661116         1.53557792674         
27056     Co56      1442750000.0          0.0018                1163.31661116         2.0939699001          
27056     Co56      733509000.0           0.00191               1163.31661116         2.22193472732         
24051     Cr51      320084000.0           0.0989                22.9520226273         2.26995503784         
27056     Co56      3547930000.0          0.001956              1163.31661116         2.27544729144         
23047     V47       1793900000.0          0.00191               1222.19100921         2.33438482758         
27058     Co58      810760000.0           0.9944                3.47259601749         3.45314947979         
27056     Co56      787739000.0           0.0031                1163.31661116         3.60628149461         
25052     Mn52      2257360000.0          2.7e-05               143645.657909         3.87843276354         
27056     Co56      2113090000.0          0.00376               1163.31661116         4.37407045798         
27056     Co56      2212900000.0          0.00385               1163.31661116         4.47876895298         
25057     Mn57      1710200000.0          6.6e-05               89390.5893812         5.89977889916         
27056     Co56      1810730000.0          0.00639               1163.31661116         7.43359314534         
27056     Co56      1963700000.0          0.00706               1163.31661116         8.21301527482         
27056     Co56      3451120000.0          0.00942               1163.31661116         10.9584424772         
25051     Mn51      1557500000.0          3.975e-05             282968.697949         11.2480057435         
27056     Co56      3009560000.0          0.01038               1163.31661116         12.0752264239         
27057     Co57      14413000.0            0.0915                150.877816523         13.8053202118         
27057     Co57      136474000.0           0.1071                150.877816523         16.1590141496         
27056     Co56      977363000.0           0.01422               1163.31661116         16.5423622108         
25051     Mn51      1899410000.0          6.36e-05              282968.697949         17.9968091896         
25051     Mn51      2079620000.0          6.89e-05              282968.697949         19.4965432887         
25057     Mn57      1358710000.0          0.0002365             89390.5893812         21.1408743887         
27056     Co56      3272980000.0          0.01855               1163.31661116         21.5795231371         
25051     Mn51      1353900000.0          7.95e-05              282968.697949         22.496011487          
25056     Mn56      2598440000.0          0.0002                115050.418855         23.010083771          
27056     Co56      1175090000.0          0.02249               1163.31661116         26.1629905851         
27056     Co56      2015180000.0          0.03017               1163.31661116         35.0972621588         
25051     Mn51      2312520000.0          0.00012985            282968.697949         36.7434854287         
27056     Co56      3201930000.0          0.03203               1163.31661116         37.2610310556         
25057     Mn57      1019080000.0          0.00044               89390.5893812         39.3318593277         
25051     Mn51      808190000.0           0.0001484             282968.697949         41.9925547757         
25051     Mn51      603800000.0           0.0001537             282968.697949         43.4922888748         
25056     Mn56      1037830000.0          0.0004                115050.418855         46.020167542          
27056     Co56      1360200000.0          0.0428                1163.31661116         49.7899509578         
25052     Mn52      1981070000.0          0.00035               143645.657909         50.2759802682         
25052     Mn52      901870000.0           0.00044               143645.657909         63.20408948           
1025052   Mn52-M    1434050000.0          0.982182              71.1029065191         69.8359949307         
25052     Mn52      1045720000.0          0.0005                143645.657909         71.8228289545         
25052     Mn52      1645780000.0          0.00052               143645.657909         74.6957421127         
25057     Mn57      921030000.0           0.000935              89390.5893812         83.5802010714         
27056     Co56      2034750000.0          0.07741               1163.31661116         90.0523388702         
27056     Co56      3253400000.0          0.0787                1163.31661116         91.5530172986         
25051     Mn51      2001350000.0          0.000371              282968.697949         104.981386939         
25052     Mn52      200580000.0           0.00076               143645.657909         109.170700011         
25056     Mn56      1238270000.0          0.00097               115050.418855         111.598906289         
25057     Mn57      992680000.0           0.00143               89390.5893812         127.828542815         
25052     Mn52      398080000.0           0.00089               143645.657909         127.844635539         
27057     Co57      122061000.0           0.8551                150.877816523         129.015620909         
25057     Mn57      1725180000.0          0.00165               89390.5893812         147.494472479         
25057     Mn57      339600000.0           0.001705              89390.5893812         152.410954895         
27056     Co56      1037830000.0          0.1403                1163.31661116         163.213320546         
27055     Co55      3108700000.0          6e-05                 2785060.44487         167.103626692         
27056     Co56      1771330000.0          0.1545                1163.31661116         179.732416425         
25056     Mn56      3369840000.0          0.0017                115050.418855         195.585712054         
25057     Mn57      230250000.0           0.0022                89390.5893812         196.659296639         
27056     Co56      2598440000.0          0.1696                1163.31661116         197.298497253         
25057     Mn57      706420000.0           0.002365              89390.5893812         211.408743887         
25051     Mn51      1164400000.0          0.00075525            282968.697949         213.712109126         
25051     Mn51      1148000000.0          0.00078175            282968.697949         221.210779622         
25057     Mn57      870680000.0           0.002585              89390.5893812         231.07467355          
25052     Mn52      399560000.0           0.0018                143645.657909         258.562184236         
25057     Mn57      1260540000.0          0.003245              89390.5893812         290.072462542         
25052     Mn52      502070000.0           0.0021                143645.657909         301.655881609         
25056     Mn56      2959920000.0          0.00307               115050.418855         353.204785885         
25057     Mn57      366730000.0           0.00396               89390.5893812         353.98673395          
27055     Co55      1941000000.0          0.00015               2785060.44487         417.759066731         
25057     Mn57      569930000.0           0.00517               89390.5893812         462.149347101         
25054     Mn54      834848000.0           0.999752              473.091548602         472.974221897         
25052     Mn52      1247850000.0          0.0038                143645.657909         545.853500054         
25052     Mn52      600180000.0           0.0039                143645.657909         560.218065845         
25052     Mn52      647490000.0           0.0041                143645.657909         588.947197427         
25057     Mn57      1612820000.0          0.007315              89390.5893812         653.892161323         
25056     Mn56      2657560000.0          0.00645               115050.418855         742.075201615         
25051     Mn51      749070000.0           0.00265               282968.697949         749.867049566         
27056     Co56      1238270000.0          0.6641                1163.31661116         772.558561474         
26052     Fe52      168689000.0           0.991                 916.8791916           908.627278875         
27056     Co56      846764000.0           0.999399              1163.31661116         1162.61745788         
25056     Mn56      2523060000.0          0.0102                115050.418855         1173.51427232         
27055     Co55      1622400000.0          0.00044000025         2785060.44487         1225.42729201         
27055     Co55      2577700000.0          0.00047000025         2785060.44487         1308.97910535         
27055     Co55      1555800000.0          0.00048               2785060.44487         1336.82901354         
25052     Mn52      346030000.0           0.0101                143645.657909         1450.82114488         
27055     Co55      2938900000.0          0.00054999975         2785060.44487         1531.78254841         
25057     Mn57      136476000.0           0.01925               89390.5893812         1720.76884559         
25057     Mn57      352320000.0           0.0209                89390.5893812         1868.26331807         
27055     Co55      1792200000.0          0.0008199975          2785060.44487         2283.74260214         
27055     Co55      2144000000.0          0.00096               2785060.44487         2673.65802708         
27055     Co55      2872300000.0          0.0011900025          2785060.44487         3314.22889205         
25052     Mn52      848130000.0           0.0335                143645.657909         4812.12953995         
25057     Mn57      692000000.0           0.055                 89390.5893812         4916.48241597         
25052     Mn52      1246250000.0          0.0423                143645.657909         6076.21132955         
26053     Fe53      1289700000.0          8.4e-05               79076054.5775         6642.38858451         
26053     Fe53      1396800000.0          8.4e-05               79076054.5775         6642.38858451         
27055     Co55      827500000.0           0.0024                2785060.44487         6684.14506769         
25052     Mn52      1333620000.0          0.0507                143645.657909         7282.83485599         
27055     Co55      1212700000.0          0.0027                2785060.44487         7519.66320115         
27055     Co55      2177400000.0          0.0027                2785060.44487         7519.66320115         
25057     Mn57      14412900.0            0.1056                89390.5893812         9439.64623865         
26053     Fe53      2308600000.0          0.000126              79076054.5775         9963.58287676         
25057     Mn57      122063000.0           0.13915               89390.5893812         12438.7005124         
27055     Co55      984600000.0           0.0051999975          2785060.44487         14482.3073507         
25056     Mn56      2113090000.0          0.142                 115050.418855         16337.1594774         
27055     Co55      385200000.0           0.0059000025          2785060.44487         16431.8635874         
27053     Co53      1328000000.0          0.056                 307283.956904         17207.9015866         
27055     Co55      519900000.0           0.009999975           2785060.44487         27850.5348222         
26053     Fe53      3248900000.0          0.000378              79076054.5775         29890.7486303         
27055     Co55      411400000.0           0.011000025           2785060.44487         30635.7345201         
25056     Mn56      1810730000.0          0.269                 115050.418855         30948.562672          
27055     Co55      92000000.0            0.012399975           2785060.44487         34534.6798899         
26053     Fe53      2946900000.0          0.000504              79076054.5775         39854.331507          
27055     Co55      803400000.0           0.019700025           2785060.44487         54865.7603905         
26053     Fe53      2686500000.0          0.000798              79076054.5775         63102.6915528         
27055     Co55      1369800000.0          0.029499975           2785060.44487         82159.2134972         
26053     Fe53      2749200000.0          0.001386              79076054.5775         109599.411644         
25056     Mn56      846764000.0           0.9885                115050.418855         113727.339038         
25052     Mn52      744214000.0           0.9034                143645.657909         129769.487355         
25052     Mn52      935520000.0           0.949                 143645.657909         136319.729356         
25052     Mn52      1434050000.0          0.99987               143645.657909         143626.983974         
27055     Co55      1316500000.0          0.070100025           2785060.44487         195232.806812         
26053     Fe53      2273800000.0          0.00378               79076054.5775         298907.486303         
26053     Fe53      1621200000.0          0.00504               79076054.5775         398543.31507          
27055     Co55      1408500000.0          0.16599975            2785060.44487         462319.337584         
27055     Co55      477200000.0           0.204                 2785060.44487         568152.330754         
27055     Co55      931300000.0           0.75                  2785060.44487         2088795.33365         
26053     Fe53      377900000.0           0.42                  79076054.5775         33211942.9225         
