27057     Co57      14413000.0            0.0915                149.725699695         13.6999015221         
24049     Cr49      62300000.0            0.166936              1.42917866225e-31     2.38581369162e-32     
24049     Cr49      90630000.0            0.542                 1.42917866225e-31     7.74614834941e-32     
27055     Co55      92000000.0            0.012399975           160711.045225         1992.81294302         
27057     Co57      122061000.0           0.8551                149.725699695         128.03044581          
26055     Fe55      125949000.0           1.3e-09               21261.1765249         2.76395294824e-05     
27057     Co57      136474000.0           0.1071                149.725699695         16.0356224374         
24049     Cr49      152930000.0           0.30894               1.42917866225e-31     4.41530455917e-32     
23047     V47       159800000.0           0.00106769            1.31551930833e-37     1.40456681031e-40     
26052     Fe52      168689000.0           0.991                 2.17465997465         2.15508803488         
25052     Mn52      200580000.0           0.00076               98986.0848283         75.2294244695         
27057     Co57      230270000.0           4e-06                 149.725699695         0.000598902798782     
23047     V47       244400000.0           0.00093781            1.31551930833e-37     1.23370716254e-40     
27056     Co56      263410000.0           0.000234              1132.35543595         0.264971172013        
24051     Cr51      320084000.0           0.0989                325.59993095          32.2018331709         
27057     Co57      339670000.0           3.8e-05               149.725699695         0.00568957658843      
25052     Mn52      346030000.0           0.0101                98986.0848283         999.759456766         
27057     Co57      352340000.0           3.2e-05               149.725699695         0.00479122239026      
27057     Co57      366740000.0           1.3e-05               149.725699695         0.00194643409604      
1025052   Mn52-M    377738000.0           0.0167992             2.27168171686         0.0381624354979       
26053     Fe53      377900000.0           0.42                  6.15146092407e-146    2.58361358811e-146    
27055     Co55      385200000.0           0.0059000025          160711.045225         948.195568608         
25052     Mn52      398080000.0           0.00089               98986.0848283         88.0976154972         
25052     Mn52      399560000.0           0.0018                98986.0848283         178.174952691         
27056     Co56      411380000.0           0.000269              1132.35543595         0.304603612271        
27055     Co55      411400000.0           0.011000025           160711.045225         1767.82551526         
27055     Co55      477200000.0           0.204                 160711.045225         32785.053226          
27056     Co56      486540000.0           0.00058               1132.35543595         0.656766152853        
25052     Mn52      502070000.0           0.0021                98986.0848283         207.870778139         
27055     Co55      519900000.0           0.009999975           160711.045225         1607.10643448         
27057     Co57      569940000.0           0.00015               149.725699695         0.0224588549543       
25052     Mn52      600180000.0           0.0039                98986.0848283         386.04573083          
25051     Mn51      603800000.0           0.0001537             1.7749279235e-23      2.72806421842e-27     
25052     Mn52      647490000.0           0.0041                98986.0848283         405.842947796         
27056     Co56      655000000.0           0.00038               1132.35543595         0.430295065662        
27056     Co56      674700000.0           0.00035               1132.35543595         0.396324402583        
27057     Co57      692010000.0           0.00159               149.725699695         0.238063862516        
1025052   Mn52-M    704600000.0           0.000280052           2.27168171686         0.000636189008171     
27057     Co57      706420000.0           5e-05                 149.725699695         0.00748628498477      
27056     Co56      733509000.0           0.00191               1132.35543595         2.16279888267         
25052     Mn52      744214000.0           0.9034                98986.0848283         89424.0290339         
25051     Mn51      749070000.0           0.00265               1.7749279235e-23      4.70355899728e-26     
27056     Co56      787739000.0           0.0031                1132.35543595         3.51030185145         
27055     Co55      803400000.0           0.019700025           160711.045225         3166.01160872         
25051     Mn51      808190000.0           0.0001484             1.7749279235e-23      2.63399303848e-27     
27058     Co58      810760000.0           0.9944                3.37196585428         3.35308284549         
27055     Co55      827500000.0           0.0024                160711.045225         385.706508541         
25054     Mn54      834848000.0           0.999752              469.944802056         469.828255745         
27056     Co56      846764000.0           0.999399              1132.35543595         1131.67489034         
25056     Mn56      846764000.0           0.9885                0.000436380742305     0.000431362363768     
25052     Mn52      848130000.0           0.0335                98986.0848283         3316.03384175         
27056     Co56      852780000.0           0.00049               1132.35543595         0.554854163617        
27058     Co58      863958000.0           0.007                 3.37196585428         0.0236037609799       
27056     Co56      896503000.0           0.000704              1132.35543595         0.797178226911        
25052     Mn52      901870000.0           0.00044               98986.0848283         43.5538773245         
27055     Co55      931300000.0           0.75                  160711.045225         120533.283919         
25052     Mn52      935520000.0           0.949                 98986.0848283         93937.7945021         
27056     Co56      977363000.0           0.01422               1132.35543595         16.1020942992         
27055     Co55      984600000.0           0.0051999975          160711.045225         835.697033395         
27056     Co56      996939000.0           0.00116               1132.35543595         1.31353230571         
27056     Co56      1037830000.0          0.1403                1132.35543595         158.869467664         
25056     Mn56      1037830000.0          0.0004                0.000436380742305     1.74552296922e-07     
26052     Fe52      1039940000.0          0.00095               2.17465997465         0.00206592697592      
25052     Mn52      1045720000.0          0.0005                98986.0848283         49.4930424142         
27056     Co56      1089030000.0          0.00054               1132.35543595         0.611471935415        
27056     Co56      1140360000.0          0.00132               1132.35543595         1.49470917546         
25051     Mn51      1148000000.0          0.00078175            1.7749279235e-23      1.3875499042e-26      
27056     Co56      1159930000.0          0.00088               1132.35543595         0.996472783638        
25051     Mn51      1164400000.0          0.00075525            1.7749279235e-23      1.34051431422e-26     
27056     Co56      1175090000.0          0.02249               1132.35543595         25.4666737546         
27056     Co56      1198780000.0          0.00044               1132.35543595         0.498236391819        
27055     Co55      1212700000.0          0.0027                160711.045225         433.919822109         
27056     Co56      1238270000.0          0.6641                1132.35543595         751.997245016         
25056     Mn56      1238270000.0          0.00097               0.000436380742305     4.23289320036e-07     
23047     V47       1243500000.0          2.483e-05             1.31551930833e-37     3.26643444258e-42     
25052     Mn52      1246250000.0          0.0423                98986.0848283         4187.11138824         
25052     Mn52      1247850000.0          0.0038                98986.0848283         376.147122348         
27056     Co56      1272200000.0          0.000202              1132.35543595         0.228735798062        
26053     Fe53      1289700000.0          8.4e-05               6.15146092407e-146    5.16722717622e-150    
27055     Co55      1316500000.0          0.070100025           160711.045225         11265.8482881         
1025052   Mn52-M    1333620000.0          0.000300056           2.27168171686         0.000681631729235     
25052     Mn52      1333620000.0          0.0507                98986.0848283         5018.5945008          
27056     Co56      1335380000.0          0.001228              1132.35543595         1.39053247535         
25051     Mn51      1353900000.0          7.95e-05              1.7749279235e-23      1.41106769918e-27     
27056     Co56      1360200000.0          0.0428                1132.35543595         48.4648126588         
24049     Cr49      1361600000.0          0.00050948            1.42917866225e-31     7.28137944845e-35     
27055     Co55      1369800000.0          0.029499975           160711.045225         4740.97181637         
23047     V47       1390400000.0          0.00079265            1.31551930833e-37     1.04274637975e-40     
26053     Fe53      1396800000.0          8.4e-05               6.15146092407e-146    5.16722717622e-150    
27055     Co55      1408500000.0          0.16599975            160711.045225         26677.9933297         
24049     Cr49      1423600000.0          0.00011924            1.42917866225e-31     1.70415263687e-35     
1025052   Mn52-M    1434050000.0          0.982182              2.27168171686         2.23120489203         
25052     Mn52      1434050000.0          0.99987               98986.0848283         98973.2166373         
27056     Co56      1442750000.0          0.0018                1132.35543595         2.03823978472         
27056     Co56      1462340000.0          0.000778              1132.35543595         0.880972529171        
24049     Cr49      1508300000.0          0.00010298            1.42917866225e-31     1.47176818639e-35     
24049     Cr49      1514500000.0          0.00028726            1.42917866225e-31     4.10545862519e-35     
1025052   Mn52-M    1530670000.0          0.000460085           2.27168171686         0.0010451666827       
23047     V47       1549900000.0          0.00066468            1.31551930833e-37     8.7439937386e-41      
27055     Co55      1555800000.0          0.00048               160711.045225         77.1413017082         
25051     Mn51      1557500000.0          3.975e-05             1.7749279235e-23      7.05533849592e-28     
24049     Cr49      1570600000.0          0.00019512            1.42917866225e-31     2.78861340579e-35     
26053     Fe53      1621200000.0          0.00504               6.15146092407e-146    3.10033630573e-148    
27055     Co55      1622400000.0          0.00044000025         160711.045225         70.7129000769         
27056     Co56      1640450000.0          0.000621              1132.35543595         0.703192725727        
25052     Mn52      1645780000.0          0.00052               98986.0848283         51.4727641107         
27058     Co58      1674710000.0          0.00528               3.37196585428         0.0178039797106       
1025052   Mn52-M    1727530000.0          0.00220041            2.27168171686         0.0049986311666       
27056     Co56      1771330000.0          0.1545                1132.35543595         174.948914855         
27055     Co55      1792200000.0          0.0008199975          160711.045225         131.782655307         
23047     V47       1793900000.0          0.00191               1.31551930833e-37     2.51264187891e-40     
27056     Co56      1810730000.0          0.00639               1132.35543595         7.23575123574         
25056     Mn56      1810730000.0          0.269                 0.000436380742305     0.00011738641968      
25051     Mn51      1899410000.0          6.36e-05              1.7749279235e-23      1.12885415935e-27     
27055     Co55      1941000000.0          0.00015               160711.045225         24.1066567838         
27056     Co56      1963700000.0          0.00706               1132.35543595         7.99442937783         
25052     Mn52      1981070000.0          0.00035               98986.0848283         34.6451296899         
25051     Mn51      2001350000.0          0.000371              1.7749279235e-23      6.58498259619e-27     
23047     V47       2003100000.0          3.629e-05             1.31551930833e-37     4.77401956993e-42     
23047     V47       2007300000.0          9.932e-05             1.31551930833e-37     1.30657377703e-41     
27056     Co56      2015180000.0          0.03017               1132.35543595         34.1631635027         
27056     Co56      2034750000.0          0.07741               1132.35543595         87.6556342971         
1025052   Mn52-M    2038000000.0          8.00148e-05           2.27168171686         0.000181768158238     
25051     Mn51      2079620000.0          6.89e-05              1.7749279235e-23      1.22292533929e-27     
24049     Cr49      2091000000.0          3.794e-07             1.42917866225e-31     5.42230384459e-38     
27056     Co56      2113090000.0          0.00376               1132.35543595         4.25765643918         
25056     Mn56      2113090000.0          0.142                 0.000436380742305     6.19660654073e-05     
24049     Cr49      2144000000.0          9.214e-07             1.42917866225e-31     1.3168452194e-37      
27055     Co55      2144000000.0          0.00096               160711.045225         154.282603416         
23047     V47       2163000000.0          0.00067041            1.31551930833e-37     8.81937299497e-41     
27055     Co55      2177400000.0          0.0027                160711.045225         433.919822109         
27056     Co56      2212900000.0          0.00385               1132.35543595         4.35956842842         
24049     Cr49      2218000000.0          2.168e-07             1.42917866225e-31     3.09845933977e-38     
24049     Cr49      2235000000.0          2.168e-07             1.42917866225e-31     3.09845933977e-38     
25052     Mn52      2257360000.0          2.7e-05               98986.0848283         2.67262429036         
26053     Fe53      2273800000.0          0.00378               6.15146092407e-146    2.3252522293e-148     
27056     Co56      2276360000.0          0.00118               1132.35543595         1.33617941442         
26053     Fe53      2308600000.0          0.000126              6.15146092407e-146    7.75084076433e-150    
25051     Mn51      2312520000.0          0.00012985            1.7749279235e-23      2.30474390867e-27     
1025052   Mn52-M    2337400000.0          7.0013e-05            2.27168171686         0.000159047252043     
23047     V47       2366300000.0          8.404e-05             1.31551930833e-37     1.10556242672e-41     
27056     Co56      2373700000.0          0.00078               1132.35543595         0.883237240043        
27056     Co56      2523000000.0          0.00063               1132.35543595         0.71338392465         
25056     Mn56      2523060000.0          0.0102                0.000436380742305     4.45108357151e-06     
23047     V47       2525600000.0          8.786e-05             1.31551930833e-37     1.1558152643e-41      
23047     V47       2548700000.0          6.685e-05             1.31551930833e-37     8.79424657618e-42     
27055     Co55      2577700000.0          0.00047000025         160711.045225         75.5342314337         
27056     Co56      2598440000.0          0.1696                1132.35543595         192.047481938         
25056     Mn56      2598440000.0          0.0002                0.000436380742305     8.7276148461e-08      
27056     Co56      2657400000.0          0.000195              1132.35543595         0.220809310011        
25056     Mn56      2657560000.0          0.00645               0.000436380742305     2.81465578787e-06     
26053     Fe53      2686500000.0          0.000798              6.15146092407e-146    4.90886581741e-149    
26053     Fe53      2749200000.0          0.001386              6.15146092407e-146    8.52592484077e-149    
23047     V47       2793300000.0          6.494e-06             1.31551930833e-37     8.54298238829e-43     
27055     Co55      2872300000.0          0.0011900025          160711.045225         191.246545596         
27055     Co55      2938900000.0          0.00054999975         160711.045225         88.3910346962         
26053     Fe53      2946900000.0          0.000504              6.15146092407e-146    3.10033630573e-149    
25056     Mn56      2959920000.0          0.00307               0.000436380742305     1.33968887888e-06     
27056     Co56      3009560000.0          0.01038               1132.35543595         11.7538494252         
27055     Co55      3108700000.0          6e-05                 160711.045225         9.64266271353         
1025052   Mn52-M    3161800000.0          0.000220041           2.27168171686         0.00049986311666      
27056     Co56      3201930000.0          0.03203               1132.35543595         36.2693446136         
26053     Fe53      3248900000.0          0.000378              6.15146092407e-146    2.3252522293e-149     
27056     Co56      3253400000.0          0.0787                1132.35543595         89.1163728095         
27056     Co56      3272980000.0          0.01855               1132.35543595         21.0051933369         
27056     Co56      3369690000.0          0.000103              1132.35543595         0.116632609903        
25056     Mn56      3369840000.0          0.0017                0.000436380742305     7.41847261918e-07     
1025052   Mn52-M    3381500000.0          2.50046e-05           2.27168171686         5.68024926575e-05     
27056     Co56      3451120000.0          0.00942               1132.35543595         10.6667882067         
27056     Co56      3547930000.0          0.001956              1132.35543595         2.21488723272         
27056     Co56      3600710000.0          0.000167              1132.35543595         0.189103357804        
27056     Co56      3611800000.0          8.4e-05               1132.35543595         0.09511785662         
1025052   Mn52-M    3771700000.0          1.80033e-05           2.27168171686         4.08977674532e-05     
1025052   Mn52-M    3951000000.0          7.0013e-06            2.27168171686         1.59047252043e-05     
1025052   Mn52-M    4815400000.0          2.50046e-05           2.27168171686         5.68024926575e-05     
