21886500.0     8.694467e-05   
22008760.0     9.459484e-05   
22131020.0     0.00013240303  
22253280.0     0.00017021121  
22375540.0     0.00020801939  
22497800.0     0.00024582758  
22620060.0     0.00028363576  
22742320.0     0.00032144394  
22864580.0     0.00035925213  
22986840.0     0.00039706031  
23109100.0     0.00043486849  
23231360.0     0.00047267667  
23353620.0     0.00051048486  
23475880.0     0.00054829304  
23598140.0     0.00058610122  
23720400.0     0.00062390941  
23842660.0     0.00066171759  
23964920.0     0.00069952577  
24087180.0     0.00085647792  
24209440.0     0.00106137193  
24331700.0     0.00126626593  
24453960.0     0.00147115993  
24576220.0     0.00167605393  
24698480.0     0.00188094794  
24820740.0     0.00208584194  
24943000.0     0.00229073594  
25065260.0     0.00249562994  
25187520.0     0.00270052395  
25309780.0     0.00290541795  
25432040.0     0.00311031195  
25554300.0     0.00331520595  
25676560.0     0.00352009996  
25798820.0     0.00372499396  
25921080.0     0.00392988796  
26043340.0     0.00442809421  
26165600.0     0.00546040759  
26287860.0     0.00649272096  
26410120.0     0.00752503434  
26532380.0     0.00855734771  
26654640.0     0.00958966108  
26776900.0     0.01062197446  
26899160.0     0.01165428783  
27021420.0     0.01268660121  
27143680.0     0.01371891458  
27265940.0     0.01475122796  
27388200.0     0.01578354133  
27510460.0     0.01681585471  
27632720.0     0.01784816808  
27754980.0     0.01888048146  
27877240.0     0.01991279483  
27999500.0     0.0209451082   
