21886500.0     0.13831028425  
22008760.0     0.13792486892  
22131020.0     0.13756016734  
22253280.0     0.13719546576  
22375540.0     0.13683076418  
22497800.0     0.1364660626   
22620060.0     0.13610136102  
22742320.0     0.13573665944  
22864580.0     0.13537195786  
22986840.0     0.13500725628  
23109100.0     0.1346425547   
23231360.0     0.13427785312  
23353620.0     0.13391315154  
23475880.0     0.13354844996  
23598140.0     0.13318374838  
23720400.0     0.1328190468   
23842660.0     0.13245434522  
23964920.0     0.13208964364  
24087180.0     0.13175493198  
24209440.0     0.13143228784  
24331700.0     0.1311096437   
24453960.0     0.13078699956  
24576220.0     0.13046435542  
24698480.0     0.13014171128  
24820740.0     0.12981906714  
24943000.0     0.129496423    
25065260.0     0.12917377886  
25187520.0     0.12885113472  
25309780.0     0.12852849058  
25432040.0     0.12820584644  
25554300.0     0.1278832023   
25676560.0     0.12756055816  
25798820.0     0.12723791402  
25921080.0     0.12691526988  
26043340.0     0.12659485775  
26165600.0     0.12627851     
26287860.0     0.12596216225  
26410120.0     0.1256458145   
26532380.0     0.12532946675  
26654640.0     0.125013119    
26776900.0     0.12469677125  
26899160.0     0.1243804235   
27021420.0     0.12406407575  
27143680.0     0.123747728    
27265940.0     0.12343138025  
27388200.0     0.1231150325   
27510460.0     0.12279868475  
27632720.0     0.122482337    
27754980.0     0.12216598925  
27877240.0     0.1218496415   
27999500.0     0.12153329375  
