26732500.0     0.0003158373   
26757840.0     0.00031529803  
26783180.0     0.00031475875  
26808520.0     0.00031421948  
26833860.0     0.00031368021  
26859200.0     0.00031314094  
26884540.0     0.00031260166  
26909880.0     0.00031206239  
26935220.0     0.00031152312  
26960560.0     0.00031098384  
26985900.0     0.00031044457  
27011240.0     0.0003099053   
27036580.0     0.00030936602  
27061920.0     0.00030882675  
27087260.0     0.00030828748  
27112600.0     0.0003077482   
27137940.0     0.00030720893  
27163280.0     0.00030666966  
27188620.0     0.00030613038  
27213960.0     0.00030559111  
27239300.0     0.00030505184  
27264640.0     0.00030451256  
27289980.0     0.00030397329  
27315320.0     0.00030343402  
27340660.0     0.00030289474  
27366000.0     0.00030235547  
27391340.0     0.0003018162   
27416680.0     0.00030127692  
27442020.0     0.00030073765  
27467360.0     0.00030019838  
27492700.0     0.0002996591   
27518040.0     0.00029911983  
27543380.0     0.00029858056  
27568720.0     0.00029804129  
27594060.0     0.00029750201  
27619400.0     0.00029696274  
27644740.0     0.00029642347  
27670080.0     0.00029588419  
27695420.0     0.00029534492  
27720760.0     0.00029480565  
27746100.0     0.00029426637  
27771440.0     0.0002937271   
27796780.0     0.00029318783  
27822120.0     0.00029264855  
27847460.0     0.00029210928  
27872800.0     0.00029157001  
27898140.0     0.00029103073  
27923480.0     0.00029049146  
27948820.0     0.00028995219  
27974160.0     0.00028941291  
27999500.0     0.00028887364  
