27057     Co57      14413000.0            0.0915                1241.28277049         113.5773735           
1041093   Nb93-M    30820000.0            5.95e-06              1.77352772138e-28     1.05524899422e-33     
29061     Cu61      67412000.0            0.04                  700.172753403         28.0069101361         
27061     Co61      67415000.0            0.84672               0.138912104975        0.117619657525        
27055     Co55      92000000.0            0.012399975           3724.57253745         46.1846063501         
29061     Cu61      117500000.0           0.0001                700.172753403         0.0700172753403       
43096     Tc96      120300000.0           0.00039904            3.72181406373         0.00148515268399      
27057     Co57      122061000.0           0.8551                1241.28277049         1061.42089704         
43095     Tc95      125800000.0           0.000412808           193.23880078          0.0797705228722       
26055     Fe55      125949000.0           1.3e-09               1.48669507807         1.9327036015e-09      
43095     Tc95      126030000.0           0.000103202           193.23880078          0.0199426307181       
27057     Co57      136474000.0           0.1071                1241.28277049         132.941384719         
43095     Tc95      181880000.0           2.53314e-05           193.23880078          0.00489500935807      
43095     Tc95      204120000.0           0.00303977            193.23880078          0.587401509446        
29061     Cu61      215550000.0           0.00013               700.172753403         0.0910224579423       
43096     Tc96      219400000.0           0.00039904            3.72181406373         0.00148515268399      
27057     Co57      230270000.0           4e-06                 1241.28277049         0.00496513108195      
43096     Tc96      241600000.0           0.00039904            3.72181406373         0.00148515268399      
29061     Cu61      282956000.0           0.12                  700.172753403         84.0207304083         
43095     Tc95      307930000.0           0.000347134           193.23880078          0.0670797578698       
43096     Tc96      314270000.0           0.0243414             3.72181406373         0.0905941648509       
43096     Tc96      316500000.0           0.0139664             3.72181406373         0.0519803439397       
24051     Cr51      320084000.0           0.0989                3.6325733335e-10      3.59261502683e-11     
27057     Co57      339670000.0           3.8e-05               1241.28277049         0.0471687452786       
43096     Tc96      349900000.0           0.00069832            3.72181406373         0.00259901719699      
43096     Tc96      350100000.0           0.00019952            3.72181406373         0.000742576341996     
27057     Co57      352340000.0           3.2e-05               1241.28277049         0.0397210486556       
43096     Tc96      352500000.0           0.00019952            3.72181406373         0.000742576341996     
27057     Co57      366740000.0           1.3e-05               1241.28277049         0.0161366760163       
43096     Tc96      371800000.0           0.00069832            3.72181406373         0.00259901719699      
29061     Cu61      373050000.0           0.0209                700.172753403         14.6336105461         
27055     Co55      385200000.0           0.0059000025          3724.57253745         21.9749872824         
1038087   Sr87-M    388533000.0           0.822                 1.04489933571e-16     8.58907253952e-17     
27055     Co55      411400000.0           0.011000025           3724.57253745         40.9703910263         
43096     Tc96      434710000.0           0.007482              3.72181406373         0.0278466128248       
43096     Tc96      460040000.0           0.00428968            3.72181406373         0.0159653913529       
43095     Tc95      467100000.0           4.691e-07             193.23880078          9.06483214457e-05     
27055     Co55      477200000.0           0.204                 3724.57253745         759.812797641         
43095     Tc95      477700000.0           0.000131348           193.23880078          0.0253815300048       
29062     Cu62      479100000.0           7.7e-06               56.2053440309         0.000432781149038     
43096     Tc96      481000000.0           0.00079808            3.72181406373         0.00297030536798      
39088     Y88       484352000.0           9e-06                 5.81816939119e-16     5.23635245207e-21     
39087     Y87       484810000.0           0.93                  1.23992034567e-16     1.15312592147e-16     
43095     Tc95      495160000.0           7.0365e-06            193.23880078          0.00135972482169      
27055     Co55      519900000.0           0.009999975           3724.57253745         37.2456322602         
29061     Cu61      529169000.0           0.0038                700.172753403         2.66065646293         
43096     Tc96      535780000.0           0.00409016            3.72181406373         0.0152228150109       
29061     Cu61      544800000.0           6e-05                 700.172753403         0.0420103652042       
41092     Nb92      561000000.0           0.9970996816          3.25016471034e-11     3.24073819783e-11     
43095     Tc95      561670000.0           0.00014073            193.23880078          0.0271944964337       
43096     Tc96      568880000.0           0.00917792            3.72181406373         0.0341585117318       
27057     Co57      569940000.0           0.00015               1241.28277049         0.186192415573        
29061     Cu61      588605000.0           0.0115                700.172753403         8.05198666413         
43096     Tc96      591300000.0           0.00109736            3.72181406373         0.00408416988098      
43095     Tc95      593160000.0           0.000215786           193.23880078          0.041698227865        
25051     Mn51      603800000.0           0.0001537             1.54062703192e-08     2.36794374806e-12     
43095     Tc95      604040000.0           0.00303977            193.23880078          0.587401509446        
29061     Cu61      625605000.0           0.00044               700.172753403         0.308076011497        
43098     Tc98      652440000.0           0.9975002618          1.68624482538e-09     1.68202965478e-09     
29061     Cu61      656008000.0           0.104                 700.172753403         72.8179663539         
27057     Co57      692010000.0           0.00159               1241.28277049         1.97363960508         
29061     Cu61      701100000.0           0.000108              700.172753403         0.0756186573675       
41094     Nb94      702622000.0           0.9981997711          7.16039805953e-09     7.14750770401e-09     
27057     Co57      706420000.0           5e-05                 1241.28277049         0.0620641385244       
43096     Tc96      719500000.0           0.0019952             3.72181406373         0.00742576341996      
43096     Tc96      721500000.0           0.00119712            3.72181406373         0.00445545805197      
43098     Tc98      745380000.0           0.9982                1.68624482538e-09     1.6832095847e-09      
25051     Mn51      749070000.0           0.00265               1.54062703192e-08     4.08266163459e-11     
43095     Tc95      765789000.0           0.9382                193.23880078          181.296642891         
43095     Tc95      774990000.0           0.000168876           193.23880078          0.0326333957204       
43096     Tc96      778220000.0           0.9976                3.72181406373         3.71288170998         
43095     Tc95      785930000.0           0.00145421            193.23880078          0.281009796482        
27055     Co55      803400000.0           0.019700025           3724.57253745         73.3741721021         
25051     Mn51      808190000.0           0.0001484             1.54062703192e-08     2.28629051537e-12     
27058     Co58      810760000.0           0.9944                76.8240468091         76.393832147          
43096     Tc96      812540000.0           0.820027              3.72181406373         3.05198802124         
29061     Cu61      816692000.0           0.0032                700.172753403         2.24055281089         
29061     Cu61      820890000.0           0.000216              700.172753403         0.151237314735        
27055     Co55      827500000.0           0.0024                3724.57253745         8.93897408989         
25054     Mn54      834848000.0           0.999752              0.705736439778        0.705561417141        
29061     Cu61      841211000.0           0.00224               700.172753403         1.56838696762         
27061     Co61      841700000.0           0.007938              0.138912104975        0.0011026842893       
43096     Tc96      847700000.0           0.000189544           3.72181406373         0.000705447524896     
43096     Tc96      849860000.0           0.975653              3.72181406373         3.63119905672         
39088     Y88       850643000.0           0.00048               5.81816939119e-16     2.79272130777e-19     
29062     Cu62      856200000.0           1.4e-06               56.2053440309         7.86874816433e-05     
27058     Co58      863958000.0           0.007                 76.8240468091         0.537768327664        
43095     Tc95      869600000.0           0.00317112            193.23880078          0.612783425928        
41094     Nb94      871091000.0           0.9989                7.16039805953e-09     7.15252162167e-09     
29062     Cu62      875700000.0           0.00154               56.2053440309         0.0865562298076       
43096     Tc96      885400000.0           0.0009976             3.72181406373         0.00371288170998      
39088     Y88       898042000.0           0.937                 5.81816939119e-16     5.45162471955e-16     
29061     Cu61      902294000.0           0.00084               700.172753403         0.588145112858        
29061     Cu61      908631000.0           0.0112                700.172753403         7.84193483811         
27061     Co61      909200000.0           0.036162              0.138912104975        0.00502333954012      
27055     Co55      931300000.0           0.75                  3724.57253745         2793.42940309         
41092     Nb92      934490000.0           0.9992                3.25016471034e-11     3.24756457857e-11     
29061     Cu61      947400000.0           6e-05                 700.172753403         0.0420103652042       
43095     Tc95      947670000.0           0.0195146             193.23880078          3.77097790169         
27055     Co55      984600000.0           0.0051999975          3724.57253745         19.3677678833         
29061     Cu61      1014800000.0          0.000103              700.172753403         0.0721177936005       
29061     Cu61      1032160000.0          0.00053               700.172753403         0.371091559303        
43095     Tc95      1056700000.0          1.50112e-05           193.23880078          0.00290074628626      
29061     Cu61      1064900000.0          0.00052               700.172753403         0.364089831769        
29062     Cu62      1068500000.0          6.65e-06              56.2053440309         0.000373765537806     
29061     Cu61      1073470000.0          0.00042               700.172753403         0.294072556429        
43095     Tc95      1073710000.0          0.0374342             193.23880078          7.23373991614         
29061     Cu61      1089110000.0          6e-06                 700.172753403         0.00420103652042      
43096     Tc96      1091300000.0          0.0109736             3.72181406373         0.0408416988098       
29061     Cu61      1099560000.0          0.00257               700.172753403         1.79944397624         
29061     Cu61      1117820000.0          0.00039               700.172753403         0.273067373827        
43096     Tc96      1126850000.0          0.151635              3.72181406373         0.564357275554        
29062     Cu62      1128900000.0          0.0003325             56.2053440309         0.0186882768903       
29061     Cu61      1132350000.0          0.00092               700.172753403         0.64415893313         
25051     Mn51      1148000000.0          0.00078175            1.54062703192e-08     1.2043851822e-11      
25051     Mn51      1164400000.0          0.00075525            1.54062703192e-08     1.16355856586e-11     
29062     Cu62      1172900000.0          0.0035                56.2053440309         0.196718704108        
29061     Cu61      1185230000.0          0.036                 700.172753403         25.2062191225         
43096     Tc96      1200170000.0          0.00369112            3.72181406373         0.0137376623269       
27055     Co55      1212700000.0          0.0027                3724.57253745         10.0563458511         
43095     Tc95      1221900000.0          9.382e-05             193.23880078          0.0181296642891       
15030     P30       1263130000.0          8.1e-06               0.0461122607692       3.73509312231e-07     
27055     Co55      1316500000.0          0.070100025           3724.57253745         261.09262799          
25051     Mn51      1353900000.0          7.95e-05              1.54062703192e-08     1.22479849038e-12     
27055     Co55      1369800000.0          0.029499975           3724.57253745         109.874796741         
39088     Y88       1382390000.0          0.00016               5.81816939119e-16     9.30907102591e-20     
27055     Co55      1408500000.0          0.16599975            3724.57253745         618.278110074         
43095     Tc95      1441000000.0          6.5674e-06            193.23880078          0.00126907650024      
43096     Tc96      1441140000.0          0.000538704           3.72181406373         0.00200495612339      
29061     Cu61      1446490000.0          0.00046               700.172753403         0.322079466565        
43096     Tc96      1497720000.0          0.000927768           3.72181406373         0.00345297999028      
15030     P30       1534120000.0          1e-06                 0.0461122607692       4.61122607692e-08     
29061     Cu61      1542200000.0          0.00029               700.172753403         0.203050098487        
43095     Tc95      1551710000.0          0.000204528           193.23880078          0.0395227454458       
15030     P30       1552360000.0          3.4e-05               0.0461122607692       1.56781686615e-06     
27055     Co55      1555800000.0          0.00048               3724.57253745         1.78779481798         
25051     Mn51      1557500000.0          3.975e-05             1.54062703192e-08     6.12399245188e-13     
29061     Cu61      1609630000.0          0.000236              700.172753403         0.165240769803        
27055     Co55      1622400000.0          0.00044000025         3724.57253745         1.63881284762         
43096     Tc96      1625700000.0          9.976e-06             3.72181406373         3.71288170998e-05     
43095     Tc95      1645000000.0          5.6292e-06            193.23880078          0.00108777985735      
29061     Cu61      1662000000.0          0.00051               700.172753403         0.357088104235        
27058     Co58      1674710000.0          0.00528               76.8240468091         0.405630967152        
43095     Tc95      1683000000.0          9.382e-08             193.23880078          1.81296642891e-05     
29062     Cu62      1718300000.0          2.66e-05              56.2053440309         0.00149506215122      
29061     Cu61      1729470000.0          0.00065               700.172753403         0.455112289712        
27055     Co55      1792200000.0          0.0008199975          3724.57253745         3.05414016928         
39088     Y88       1836070000.0          0.99346               5.81816939119e-16     5.78011856338e-16     
25051     Mn51      1899410000.0          6.36e-05              1.54062703192e-08     9.79838792301e-13     
27055     Co55      1941000000.0          0.00015               3724.57253745         0.558685880618        
29062     Cu62      1985100000.0          1.05e-05              56.2053440309         0.000590156112325     
29061     Cu61      1997700000.0          3.7e-05               700.172753403         0.0259063918759       
25051     Mn51      2001350000.0          0.000371              1.54062703192e-08     5.71572628842e-12     
25051     Mn51      2079620000.0          6.89e-05              1.54062703192e-08     1.06149202499e-12     
29062     Cu62      2084800000.0          5.25e-05              56.2053440309         0.00295078056162      
29062     Cu62      2097000000.0          3.045e-05             56.2053440309         0.00171145272574      
29061     Cu61      2124000000.0          0.0004                700.172753403         0.280069101361        
27055     Co55      2144000000.0          0.00096               3724.57253745         3.57558963596         
27055     Co55      2177400000.0          0.0027                3724.57253745         10.0563458511         
39090     Y90       2186240000.0          1.4e-08               7.60812558962e-16     1.06513758255e-23     
15030     P30       2235230000.0          0.00059               0.0461122607692       2.72062338539e-05     
29062     Cu62      2301800000.0          0.0004235             56.2053440309         0.0238029631971       
25051     Mn51      2312520000.0          0.00012985            1.54062703192e-08     2.00050420095e-12     
27055     Co55      2577700000.0          0.00047000025         3724.57253745         1.75055002375         
39088     Y88       2734090000.0          0.00608               5.81816939119e-16     3.53744698985e-18     
27055     Co55      2872300000.0          0.0011900025          3724.57253745         4.432250631           
27055     Co55      2938900000.0          0.00054999975         3724.57253745         2.04851396446         
27055     Co55      3108700000.0          6e-05                 3724.57253745         0.223474352247        
29062     Cu62      3158000000.0          6.3e-06               56.2053440309         0.000354093667395     
39088     Y88       3218430000.0          7.1e-05               5.81816939119e-16     4.13090026775e-20     
29062     Cu62      3257700000.0          1.47e-06              56.2053440309         8.26218557255e-05     
29062     Cu62      3269900000.0          7.35e-06              56.2053440309         0.000413109278627     
29062     Cu62      3370300000.0          8.12e-05              56.2053440309         0.00456387393531      
15030     P30       3498330000.0          7.5e-06               0.0461122607692       3.45841955769e-07     
15030     P30       3769220000.0          8e-07                 0.0461122607692       3.68898086154e-08     
29062     Cu62      3860000000.0          2.8e-06               56.2053440309         0.000157374963287     
