23047     V47       159800000.0           0.00106769            1222.36208977         1.30510377963         
23047     V47       244400000.0           0.00093781            1222.36208977         1.14634339141         
23047     V47       1243500000.0          2.483e-05             1222.36208977         0.030351250689        
23047     V47       1390400000.0          0.00079265            1222.36208977         0.968905310457        
23047     V47       1549900000.0          0.00066468            1222.36208977         0.812479633829        
23047     V47       1793900000.0          0.00191               1222.36208977         2.33471159146         
23047     V47       2003100000.0          3.629e-05             1222.36208977         0.0443595202378       
23047     V47       2007300000.0          9.932e-05             1222.36208977         0.121405002756        
23047     V47       2163000000.0          0.00067041            1222.36208977         0.819483768603        
23047     V47       2366300000.0          8.404e-05             1222.36208977         0.102727310024        
23047     V47       2525600000.0          8.786e-05             1222.36208977         0.107396733207        
23047     V47       2548700000.0          6.685e-05             1222.36208977         0.0817149057012       
23047     V47       2793300000.0          6.494e-06             1222.36208977         0.00793801941097      
24049     Cr49      62300000.0            0.166936              1.78624187445         0.298188073553        
24049     Cr49      90630000.0            0.542                 1.78624187445         0.968143095953        
24049     Cr49      152930000.0           0.30894               1.78624187445         0.551841564693        
24049     Cr49      1361600000.0          0.00050948            1.78624187445         0.000910054510196     
24049     Cr49      1423600000.0          0.00011924            1.78624187445         0.00021299148111      
24049     Cr49      1508300000.0          0.00010298            1.78624187445         0.000183947188231     
24049     Cr49      1514500000.0          0.00028726            1.78624187445         0.000513115840855     
24049     Cr49      1570600000.0          0.00019512            1.78624187445         0.000348531514543     
24049     Cr49      2091000000.0          3.794e-07             1.78624187445         6.77700167167e-07     
24049     Cr49      2144000000.0          9.214e-07             1.78624187445         1.64584326312e-06     
24049     Cr49      2218000000.0          2.168e-07             1.78624187445         3.87257238381e-07     
24049     Cr49      2235000000.0          2.168e-07             1.78624187445         3.87257238381e-07     
24051     Cr51      320084000.0           0.0989                117.653205407         11.6359020147         
25051     Mn51      603800000.0           0.0001537             2436309.08659         374.460706609         
25051     Mn51      749070000.0           0.00265               2436309.08659         6456.21907946         
25051     Mn51      808190000.0           0.0001484             2436309.08659         361.54826845          
25051     Mn51      1148000000.0          0.00078175            2436309.08659         1904.58462844         
25051     Mn51      1164400000.0          0.00075525            2436309.08659         1840.02243765         
25051     Mn51      1353900000.0          7.95e-05              2436309.08659         193.686572384         
25051     Mn51      1557500000.0          3.975e-05             2436309.08659         96.8432861919         
25051     Mn51      1899410000.0          6.36e-05              2436309.08659         154.949257907         
25051     Mn51      2001350000.0          0.000371              2436309.08659         903.870671125         
25051     Mn51      2079620000.0          6.89e-05              2436309.08659         167.861696066         
25051     Mn51      2312520000.0          0.00012985            2436309.08659         316.354734894         
25052     Mn52      200580000.0           0.00076               153651.408222         116.775070249         
25052     Mn52      346030000.0           0.0101                153651.408222         1551.87922305         
25052     Mn52      398080000.0           0.00089               153651.408222         136.749753318         
25052     Mn52      399560000.0           0.0018                153651.408222         276.5725348           
25052     Mn52      502070000.0           0.0021                153651.408222         322.667957267         
25052     Mn52      600180000.0           0.0039                153651.408222         599.240492067         
25052     Mn52      647490000.0           0.0041                153651.408222         629.970773711         
25052     Mn52      744214000.0           0.9034                153651.408222         138808.682188         
25052     Mn52      848130000.0           0.0335                153651.408222         5147.32217545         
25052     Mn52      901870000.0           0.00044               153651.408222         67.6066196178         
25052     Mn52      935520000.0           0.949                 153651.408222         145815.186403         
25052     Mn52      1045720000.0          0.0005                153651.408222         76.8257041111         
25052     Mn52      1246250000.0          0.0423                153651.408222         6499.4545678          
25052     Mn52      1247850000.0          0.0038                153651.408222         583.875351245         
25052     Mn52      1333620000.0          0.0507                153651.408222         7790.12639687         
25052     Mn52      1434050000.0          0.99987               153651.408222         153631.433539         
25052     Mn52      1645780000.0          0.00052               153651.408222         79.8987322756         
25052     Mn52      1981070000.0          0.00035               153651.408222         53.7779928778         
25052     Mn52      2257360000.0          2.7e-05               153651.408222         4.148588022           
25054     Mn54      834848000.0           0.999752              606.968008764         606.817480698         
25056     Mn56      846764000.0           0.9885                139132.087178         137532.068176         
25056     Mn56      1037830000.0          0.0004                139132.087178         55.6528348713         
25056     Mn56      1238270000.0          0.00097               139132.087178         134.958124563         
25056     Mn56      1810730000.0          0.269                 139132.087178         37426.531451          
25056     Mn56      2113090000.0          0.142                 139132.087178         19756.7563793         
25056     Mn56      2523060000.0          0.0102                139132.087178         1419.14728922         
25056     Mn56      2598440000.0          0.0002                139132.087178         27.8264174357         
25056     Mn56      2657560000.0          0.00645               139132.087178         897.4019623           
25056     Mn56      2959920000.0          0.00307               139132.087178         427.135507637         
25056     Mn56      3369840000.0          0.0017                139132.087178         236.524548203         
25057     Mn57      14412900.0            0.1056                95913.8685083         10128.5045145         
25057     Mn57      122063000.0           0.13915               95913.8685083         13346.4148029         
25057     Mn57      136476000.0           0.01925               95913.8685083         1846.34196879         
25057     Mn57      230250000.0           0.0022                95913.8685083         211.010510718         
25057     Mn57      339600000.0           0.001705              95913.8685083         163.533145807         
25057     Mn57      352320000.0           0.0209                95913.8685083         2004.59985182         
25057     Mn57      366730000.0           0.00396               95913.8685083         379.818919293         
25057     Mn57      460100000.0           7.7e-06               95913.8685083         0.738536787514        
25057     Mn57      569930000.0           0.00517               95913.8685083         495.874700188         
25057     Mn57      692000000.0           0.055                 95913.8685083         5275.26276796         
25057     Mn57      706420000.0           0.002365              95913.8685083         226.836299022         
25057     Mn57      870680000.0           0.002585              95913.8685083         247.937350094         
25057     Mn57      898400000.0           7.15e-06              95913.8685083         0.685784159835        
25057     Mn57      921030000.0           0.000935              95913.8685083         89.6794670553         
25057     Mn57      992680000.0           0.00143               95913.8685083         137.156831967         
25057     Mn57      1019080000.0          0.00044               95913.8685083         42.2021021437         
25057     Mn57      1250600000.0          2.75e-07              95913.8685083         0.0263763138398       
25057     Mn57      1260540000.0          0.003245              95913.8685083         311.24050331          
25057     Mn57      1265000000.0          1.375e-07             95913.8685083         0.0131881569199       
25057     Mn57      1358710000.0          0.0002365             95913.8685083         22.6836299022         
25057     Mn57      1612820000.0          0.007315              95913.8685083         701.609948138         
25057     Mn57      1710200000.0          6.6e-05               95913.8685083         6.33031532155         
25057     Mn57      1725180000.0          0.00165               95913.8685083         158.257883039         
26052     Fe52      168689000.0           0.991                 972.154423748         963.405033934         
26052     Fe52      1039940000.0          0.00095               972.154423748         0.92354670256         
26053     Fe53      377900000.0           0.42                  122062136.193         51266097.201          
26053     Fe53      1289700000.0          8.4e-05               122062136.193         10253.2194402         
26053     Fe53      1396800000.0          8.4e-05               122062136.193         10253.2194402         
26053     Fe53      1621200000.0          0.00504               122062136.193         615193.166412         
26053     Fe53      2273800000.0          0.00378               122062136.193         461394.874809         
26053     Fe53      2308600000.0          0.000126              122062136.193         15379.8291603         
26053     Fe53      2686500000.0          0.000798              122062136.193         97405.5846818         
26053     Fe53      2749200000.0          0.001386              122062136.193         169178.120763         
26053     Fe53      2946900000.0          0.000504              122062136.193         61519.3166412         
26053     Fe53      3248900000.0          0.000378              122062136.193         46139.4874809         
26055     Fe55      125949000.0           1.3e-09               36277.4994794         4.71607493233e-05     
27053     Co53      1328000000.0          0.056                 307283.956904         17207.9015866         
27055     Co55      92000000.0            0.012399975           4726090.15316         58603.3997469         
27055     Co55      385200000.0           0.0059000025          4726090.15316         27883.9437188         
27055     Co55      411400000.0           0.011000025           4726090.15316         51987.109837          
27055     Co55      477200000.0           0.204                 4726090.15316         964122.391244         
27055     Co55      519900000.0           0.009999975           4726090.15316         47260.7833793         
27055     Co55      803400000.0           0.019700025           4726090.15316         93104.0941694         
27055     Co55      827500000.0           0.0024                4726090.15316         11342.6163676         
27055     Co55      931300000.0           0.75                  4726090.15316         3544567.61487         
27055     Co55      984600000.0           0.0051999975          4726090.15316         24575.6569812         
27055     Co55      1212700000.0          0.0027                4726090.15316         12760.4434135         
27055     Co55      1316500000.0          0.070100025           4726090.15316         331299.037888         
27055     Co55      1369800000.0          0.029499975           4726090.15316         139419.541366         
27055     Co55      1408500000.0          0.16599975            4726090.15316         784529.783901         
27055     Co55      1555800000.0          0.00048               4726090.15316         2268.52327351         
27055     Co55      1622400000.0          0.00044000025         4726090.15316         2079.48084891         
27055     Co55      1792200000.0          0.0008199975          4726090.15316         3875.38211036         
27055     Co55      1941000000.0          0.00015               4726090.15316         708.913522973         
27055     Co55      2144000000.0          0.00096               4726090.15316         4537.04654703         
27055     Co55      2177400000.0          0.0027                4726090.15316         12760.4434135         
27055     Co55      2577700000.0          0.00047000025         4726090.15316         2221.26355351         
27055     Co55      2872300000.0          0.0011900025          4726090.15316         5624.05909748         
27055     Co55      2938900000.0          0.00054999975         4726090.15316         2599.34840271         
27055     Co55      3108700000.0          6e-05                 4726090.15316         283.565409189         
27056     Co56      263410000.0           0.000234              2926.70480064         0.684848923349        
27056     Co56      411380000.0           0.000269              2926.70480064         0.787283591372        
27056     Co56      486540000.0           0.00058               2926.70480064         1.69748878437         
27056     Co56      655000000.0           0.00038               2926.70480064         1.11214782424         
27056     Co56      674700000.0           0.00035               2926.70480064         1.02434668022         
27056     Co56      733509000.0           0.00191               2926.70480064         5.59000616922         
27056     Co56      787739000.0           0.0031                2926.70480064         9.07278488198         
27056     Co56      846764000.0           0.999399              2926.70480064         2924.94585105         
27056     Co56      852780000.0           0.00049               2926.70480064         1.43408535231         
27056     Co56      896503000.0           0.000704              2926.70480064         2.06040017965         
27056     Co56      977363000.0           0.01422               2926.70480064         41.6177422651         
27056     Co56      996939000.0           0.00116               2926.70480064         3.39497756874         
27056     Co56      1037830000.0          0.1403                2926.70480064         410.61668353          
27056     Co56      1089030000.0          0.00054               2926.70480064         1.58042059234         
27056     Co56      1140360000.0          0.00132               2926.70480064         3.86325033684         
27056     Co56      1159930000.0          0.00088               2926.70480064         2.57550022456         
27056     Co56      1175090000.0          0.02249               2926.70480064         65.8215909664         
27056     Co56      1198780000.0          0.00044               2926.70480064         1.28775011228         
27056     Co56      1238270000.0          0.6641                2926.70480064         1943.6246581          
27056     Co56      1272200000.0          0.000202              2926.70480064         0.591194369729        
27056     Co56      1335380000.0          0.001228              2926.70480064         3.59399349518         
27056     Co56      1360200000.0          0.0428                2926.70480064         125.262965467         
27056     Co56      1442750000.0          0.0018                2926.70480064         5.26806864115         
27056     Co56      1462340000.0          0.000778              2926.70480064         2.2769763349          
27056     Co56      1640450000.0          0.000621              2926.70480064         1.8174836812          
27056     Co56      1771330000.0          0.1545                2926.70480064         452.175891699         
27056     Co56      1810730000.0          0.00639               2926.70480064         18.7016436761         
27056     Co56      1963700000.0          0.00706               2926.70480064         20.6625358925         
27056     Co56      2015180000.0          0.03017               2926.70480064         88.2986838353         
27056     Co56      2034750000.0          0.07741               2926.70480064         226.556218617         
27056     Co56      2113090000.0          0.00376               2926.70480064         11.0044100504         
27056     Co56      2212900000.0          0.00385               2926.70480064         11.2678134825         
27056     Co56      2276360000.0          0.00118               2926.70480064         3.45351166475         
27056     Co56      2373700000.0          0.00078               2926.70480064         2.2828297445          
27056     Co56      2523000000.0          0.00063               2926.70480064         1.8438240244          
27056     Co56      2598440000.0          0.1696                2926.70480064         496.369134188         
27056     Co56      2657400000.0          0.000195              2926.70480064         0.570707436124        
27056     Co56      3009560000.0          0.01038               2926.70480064         30.3791958306         
27056     Co56      3201930000.0          0.03203               2926.70480064         93.7423547644         
27056     Co56      3253400000.0          0.0787                2926.70480064         230.33166781          
27056     Co56      3272980000.0          0.01855               2926.70480064         54.2903740518         
27056     Co56      3369690000.0          0.000103              2926.70480064         0.301450594466        
27056     Co56      3451120000.0          0.00942               2926.70480064         27.569559222          
27056     Co56      3547930000.0          0.001956              2926.70480064         5.72463459005         
27056     Co56      3600710000.0          0.000167              2926.70480064         0.488759701707        
27056     Co56      3611800000.0          8.4e-05               2926.70480064         0.245843203254        
27057     Co57      14413000.0            0.0915                528.583131659         48.3653565468         
27057     Co57      122061000.0           0.8551                528.583131659         451.991435881         
27057     Co57      136474000.0           0.1071                528.583131659         56.6112534006         
27057     Co57      230270000.0           4e-06                 528.583131659         0.00211433252663      
27057     Co57      339670000.0           3.8e-05               528.583131659         0.020086159003        
27057     Co57      352340000.0           3.2e-05               528.583131659         0.0169146602131       
27057     Co57      366740000.0           1.3e-05               528.583131659         0.00687158071156      
27057     Co57      569940000.0           0.00015               528.583131659         0.0792874697488       
27057     Co57      692010000.0           0.00159               528.583131659         0.840447179337        
27057     Co57      706420000.0           5e-05                 528.583131659         0.0264291565829       
27058     Co58      810760000.0           0.9944                16.6595830834         16.5662894182         
27058     Co58      863958000.0           0.007                 16.6595830834         0.116617081584        
27058     Co58      1674710000.0          0.00528               16.6595830834         0.0879625986805       
1025052   Mn52-M    377738000.0           0.0167992             75.3894359771         1.26648221287         
1025052   Mn52-M    704600000.0           0.000280052           75.3894359771         0.0211129623243       
1025052   Mn52-M    1333620000.0          0.000300056           75.3894359771         0.0226210526015       
1025052   Mn52-M    1434050000.0          0.982182              75.3894359771         74.0461470069         
1025052   Mn52-M    1530670000.0          0.000460085           75.3894359771         0.0346855486515       
1025052   Mn52-M    1727530000.0          0.00220041            75.3894359771         0.165887668818        
1025052   Mn52-M    2038000000.0          8.00148e-05           75.3894359771         0.00603227064182      
1025052   Mn52-M    2337400000.0          7.0013e-05            75.3894359771         0.00527824058107      
1025052   Mn52-M    3161800000.0          0.000220041           75.3894359771         0.0165887668818       
1025052   Mn52-M    3381500000.0          2.50046e-05           75.3894359771         0.00188508269083      
1025052   Mn52-M    3771700000.0          1.80033e-05           75.3894359771         0.00135725863273      
1025052   Mn52-M    3951000000.0          7.0013e-06            75.3894359771         0.000527824058107     
1025052   Mn52-M    4815400000.0          2.50046e-05           75.3894359771         0.00188508269083      
