23047     V47       159800000.0           0.00106769            1.31570345286e-37     1.40476341958e-40     
23047     V47       244400000.0           0.00093781            1.31570345286e-37     1.23387985512e-40     
23047     V47       1243500000.0          2.483e-05             1.31570345286e-37     3.26689167345e-42     
23047     V47       1390400000.0          0.00079265            1.31570345286e-37     1.04289234191e-40     
23047     V47       1549900000.0          0.00066468            1.31570345286e-37     8.74521771046e-41     
23047     V47       1793900000.0          0.00191               1.31570345286e-37     2.51299359496e-40     
23047     V47       2003100000.0          3.629e-05             1.31570345286e-37     4.77468783042e-42     
23047     V47       2007300000.0          9.932e-05             1.31570345286e-37     1.30675666938e-41     
23047     V47       2163000000.0          0.00067041            1.31570345286e-37     8.8206075183e-41      
23047     V47       2366300000.0          8.404e-05             1.31570345286e-37     1.10571718178e-41     
23047     V47       2525600000.0          8.786e-05             1.31570345286e-37     1.15597705368e-41     
23047     V47       2548700000.0          6.685e-05             1.31570345286e-37     8.79547758235e-42     
23047     V47       2793300000.0          6.494e-06             1.31570345286e-37     8.54417822286e-43     
24049     Cr49      62300000.0            0.166936              1.42917923189e-31     2.38581464255e-32     
24049     Cr49      90630000.0            0.542                 1.42917923189e-31     7.74615143686e-32     
24049     Cr49      152930000.0           0.30894               1.42917923189e-31     4.41530631901e-32     
24049     Cr49      1361600000.0          0.00050948            1.42917923189e-31     7.28138235065e-35     
24049     Cr49      1423600000.0          0.00011924            1.42917923189e-31     1.70415331611e-35     
24049     Cr49      1508300000.0          0.00010298            1.42917923189e-31     1.471768773e-35       
24049     Cr49      1514500000.0          0.00028726            1.42917923189e-31     4.10546026153e-35     
24049     Cr49      1570600000.0          0.00019512            1.42917923189e-31     2.78861451727e-35     
24049     Cr49      2091000000.0          3.794e-07             1.42917923189e-31     5.4223060058e-38      
24049     Cr49      2144000000.0          9.214e-07             1.42917923189e-31     1.31684574427e-37     
24049     Cr49      2218000000.0          2.168e-07             1.42917923189e-31     3.09846057474e-38     
24049     Cr49      2235000000.0          2.168e-07             1.42917923189e-31     3.09846057474e-38     
24051     Cr51      320084000.0           0.0989                2729.18944059         269.916835675         
25051     Mn51      603800000.0           0.0001537             1.52818069963e-22     2.34881373534e-26     
25051     Mn51      749070000.0           0.00265               1.52818069963e-22     4.04967885403e-25     
25051     Mn51      808190000.0           0.0001484             1.52818069963e-22     2.26782015826e-26     
25051     Mn51      1148000000.0          0.00078175            1.52818069963e-22     1.19465526194e-25     
25051     Mn51      1164400000.0          0.00075525            1.52818069963e-22     1.1541584734e-25      
25051     Mn51      1353900000.0          7.95e-05              1.52818069963e-22     1.21490365621e-26     
25051     Mn51      1557500000.0          3.975e-05             1.52818069963e-22     6.07451828105e-27     
25051     Mn51      1899410000.0          6.36e-05              1.52818069963e-22     9.71922924968e-27     
25051     Mn51      2001350000.0          0.000371              1.52818069963e-22     5.66955039565e-26     
25051     Mn51      2079620000.0          6.89e-05              1.52818069963e-22     1.05291650205e-26     
25051     Mn51      2312520000.0          0.00012985            1.52818069963e-22     1.98434263848e-26     
25052     Mn52      200580000.0           0.00076               105881.030938         80.4695835127         
25052     Mn52      346030000.0           0.0101                105881.030938         1069.39841247         
25052     Mn52      398080000.0           0.00089               105881.030938         94.2341175346         
25052     Mn52      399560000.0           0.0018                105881.030938         190.585855688         
25052     Mn52      502070000.0           0.0021                105881.030938         222.350164969         
25052     Mn52      600180000.0           0.0039                105881.030938         412.936020657         
25052     Mn52      647490000.0           0.0041                105881.030938         434.112226845         
25052     Mn52      744214000.0           0.9034                105881.030938         95652.9233492         
25052     Mn52      848130000.0           0.0335                105881.030938         3547.01453642         
25052     Mn52      901870000.0           0.00044               105881.030938         46.5876536126         
25052     Mn52      935520000.0           0.949                 105881.030938         100481.09836          
25052     Mn52      1045720000.0          0.0005                105881.030938         52.9405154689         
25052     Mn52      1246250000.0          0.0423                105881.030938         4478.76760867         
25052     Mn52      1247850000.0          0.0038                105881.030938         402.347917564         
25052     Mn52      1333620000.0          0.0507                105881.030938         5368.16826854         
25052     Mn52      1434050000.0          0.99987               105881.030938         105867.266404         
25052     Mn52      1645780000.0          0.00052               105881.030938         55.0581360876         
25052     Mn52      1981070000.0          0.00035               105881.030938         37.0583608282         
25052     Mn52      2257360000.0          2.7e-05               105881.030938         2.85878783532         
25054     Mn54      834848000.0           0.999752              602.930789138         602.781262303         
25056     Mn56      846764000.0           0.9885                0.000527721359779     0.000521652564141     
25056     Mn56      1037830000.0          0.0004                0.000527721359779     2.11088543911e-07     
25056     Mn56      1238270000.0          0.00097               0.000527721359779     5.11889718985e-07     
25056     Mn56      1810730000.0          0.269                 0.000527721359779     0.00014195704578      
25056     Mn56      2113090000.0          0.142                 0.000527721359779     7.49364330886e-05     
25056     Mn56      2523060000.0          0.0102                0.000527721359779     5.38275786974e-06     
25056     Mn56      2598440000.0          0.0002                0.000527721359779     1.05544271956e-07     
25056     Mn56      2657560000.0          0.00645               0.000527721359779     3.40380277057e-06     
25056     Mn56      2959920000.0          0.00307               0.000527721359779     1.62010457452e-06     
25056     Mn56      3369840000.0          0.0017                0.000527721359779     8.97126311624e-07     
26052     Fe52      168689000.0           0.991                 2.30576212643         2.2850102673          
26052     Fe52      1039940000.0          0.00095               2.30576212643         0.00219047402011      
26053     Fe53      377900000.0           0.42                  9.49541529231e-146    3.98807442277e-146    
26053     Fe53      1289700000.0          8.4e-05               9.49541529231e-146    7.97614884554e-150    
26053     Fe53      1396800000.0          8.4e-05               9.49541529231e-146    7.97614884554e-150    
26053     Fe53      1621200000.0          0.00504               9.49541529231e-146    4.78568930732e-148    
26053     Fe53      2273800000.0          0.00378               9.49541529231e-146    3.58926698049e-148    
26053     Fe53      2308600000.0          0.000126              9.49541529231e-146    1.19642232683e-149    
26053     Fe53      2686500000.0          0.000798              9.49541529231e-146    7.57734140326e-149    
26053     Fe53      2749200000.0          0.001386              9.49541529231e-146    1.31606455951e-148    
26053     Fe53      2946900000.0          0.000504              9.49541529231e-146    4.78568930732e-149    
26053     Fe53      3248900000.0          0.000378              9.49541529231e-146    3.58926698049e-149    
26055     Fe55      125949000.0           1.3e-09               39439.5168941         5.12713719624e-05     
27055     Co55      92000000.0            0.012399975           272717.559772         3381.69092324         
27055     Co55      385200000.0           0.0059000025          272717.559772         1609.03428445         
27055     Co55      411400000.0           0.011000025           272717.559772         2999.89997543         
27055     Co55      477200000.0           0.204                 272717.559772         55634.3821935         
27055     Co55      519900000.0           0.009999975           272717.559772         2727.16877978         
27055     Co55      803400000.0           0.019700025           272717.559772         5372.54274545         
27055     Co55      827500000.0           0.0024                272717.559772         654.522143453         
27055     Co55      931300000.0           0.75                  272717.559772         204538.169829         
27055     Co55      984600000.0           0.0051999975          272717.559772         1418.13062902         
27055     Co55      1212700000.0          0.0027                272717.559772         736.337411385         
27055     Co55      1316500000.0          0.070100025           272717.559772         19117.507758          
27055     Co55      1369800000.0          0.029499975           272717.559772         8045.16119534         
27055     Co55      1408500000.0          0.16599975            272717.559772         45271.0467428         
27055     Co55      1555800000.0          0.00048               272717.559772         130.904428691         
27055     Co55      1622400000.0          0.00044000025         272717.559772         119.995794479         
27055     Co55      1792200000.0          0.0008199975          272717.559772         223.627717219         
27055     Co55      1941000000.0          0.00015               272717.559772         40.9076339658         
27055     Co55      2144000000.0          0.00096               272717.559772         261.808857381         
27055     Co55      2177400000.0          0.0027                272717.559772         736.337411385         
27055     Co55      2577700000.0          0.00047000025         272717.559772         128.177321272         
27055     Co55      2872300000.0          0.0011900025          272717.559772         324.534577923         
27055     Co55      2938900000.0          0.00054999975         272717.559772         149.994589695         
27055     Co55      3108700000.0          6e-05                 272717.559772         16.3630535863         
27056     Co56      263410000.0           0.000234              2848.81180121         0.666621961484        
27056     Co56      411380000.0           0.000269              2848.81180121         0.766330374526        
27056     Co56      486540000.0           0.00058               2848.81180121         1.6523108447          
27056     Co56      655000000.0           0.00038               2848.81180121         1.08254848446         
27056     Co56      674700000.0           0.00035               2848.81180121         0.997084130425        
27056     Co56      733509000.0           0.00191               2848.81180121         5.44123054032         
27056     Co56      787739000.0           0.0031                2848.81180121         8.83131658376         
27056     Co56      846764000.0           0.999399              2848.81180121         2847.09966532         
27056     Co56      852780000.0           0.00049               2848.81180121         1.39591778259         
27056     Co56      896503000.0           0.000704              2848.81180121         2.00556350805         
27056     Co56      977363000.0           0.01422               2848.81180121         40.5101038133         
27056     Co56      996939000.0           0.00116               2848.81180121         3.30462168941         
27056     Co56      1037830000.0          0.1403                2848.81180121         399.68829571          
27056     Co56      1089030000.0          0.00054               2848.81180121         1.53835837266         
27056     Co56      1140360000.0          0.00132               2848.81180121         3.7604315776          
27056     Co56      1159930000.0          0.00088               2848.81180121         2.50695438507         
27056     Co56      1175090000.0          0.02249               2848.81180121         64.0697774093         
27056     Co56      1198780000.0          0.00044               2848.81180121         1.25347719253         
27056     Co56      1238270000.0          0.6641                2848.81180121         1891.89591719         
27056     Co56      1272200000.0          0.000202              2848.81180121         0.575459983845        
27056     Co56      1335380000.0          0.001228              2848.81180121         3.49834089189         
27056     Co56      1360200000.0          0.0428                2848.81180121         121.929145092         
27056     Co56      1442750000.0          0.0018                2848.81180121         5.12786124218         
27056     Co56      1462340000.0          0.000778              2848.81180121         2.21637558134         
27056     Co56      1640450000.0          0.000621              2848.81180121         1.76911212855         
27056     Co56      1771330000.0          0.1545                2848.81180121         440.141423287         
27056     Co56      1810730000.0          0.00639               2848.81180121         18.2039074098         
27056     Co56      1963700000.0          0.00706               2848.81180121         20.1126113166         
27056     Co56      2015180000.0          0.03017               2848.81180121         85.9486520426         
27056     Co56      2034750000.0          0.07741               2848.81180121         220.526521532         
27056     Co56      2113090000.0          0.00376               2848.81180121         10.7115323726         
27056     Co56      2212900000.0          0.00385               2848.81180121         10.9679254347         
27056     Co56      2276360000.0          0.00118               2848.81180121         3.36159792543         
27056     Co56      2373700000.0          0.00078               2848.81180121         2.22207320495         
27056     Co56      2523000000.0          0.00063               2848.81180121         1.79475143476         
27056     Co56      2598440000.0          0.1696                2848.81180121         483.158481486         
27056     Co56      2657400000.0          0.000195              2848.81180121         0.555518301237        
27056     Co56      3009560000.0          0.01038               2848.81180121         29.5706664966         
27056     Co56      3201930000.0          0.03203               2848.81180121         91.2474419929         
27056     Co56      3253400000.0          0.0787                2848.81180121         224.201488755         
27056     Co56      3272980000.0          0.01855               2848.81180121         52.8454589125         
27056     Co56      3369690000.0          0.000103              2848.81180121         0.293427615525        
27056     Co56      3451120000.0          0.00942               2848.81180121         26.8358071674         
27056     Co56      3547930000.0          0.001956              2848.81180121         5.57227588317         
27056     Co56      3600710000.0          0.000167              2848.81180121         0.475751570803        
27056     Co56      3611800000.0          8.4e-05               2848.81180121         0.239300191302        
27057     Co57      14413000.0            0.0915                524.546822447         47.9960342539         
27057     Co57      122061000.0           0.8551                524.546822447         448.539987875         
27057     Co57      136474000.0           0.1071                524.546822447         56.1789646841         
27057     Co57      230270000.0           4e-06                 524.546822447         0.00209818728979      
27057     Co57      339670000.0           3.8e-05               524.546822447         0.019932779253        
27057     Co57      352340000.0           3.2e-05               524.546822447         0.0167854983183       
27057     Co57      366740000.0           1.3e-05               524.546822447         0.00681910869181      
27057     Co57      569940000.0           0.00015               524.546822447         0.0786820233671       
27057     Co57      692010000.0           0.00159               524.546822447         0.834029447691        
27057     Co57      706420000.0           5e-05                 524.546822447         0.0262273411224       
27058     Co58      810760000.0           0.9944                16.1768155642         16.086225397          
27058     Co58      863958000.0           0.007                 16.1768155642         0.113237708949        
27058     Co58      1674710000.0          0.00528               16.1768155642         0.0854135861789       
1025052   Mn52-M    377738000.0           0.0167992             2.40863294819         0.0404631066232       
1025052   Mn52-M    704600000.0           0.000280052           2.40863294819         0.000674542474406     
1025052   Mn52-M    1333620000.0          0.000300056           2.40863294819         0.000722724767901     
1025052   Mn52-M    1434050000.0          0.982182              2.40863294819         2.36571592632         
1025052   Mn52-M    1530670000.0          0.000460085           2.40863294819         0.00110817588997      
1025052   Mn52-M    1727530000.0          0.00220041            2.40863294819         0.00529998002552      
1025052   Mn52-M    2038000000.0          8.00148e-05           2.40863294819         0.000192726283623     
1025052   Mn52-M    2337400000.0          7.0013e-05            2.40863294819         0.000168635618601     
1025052   Mn52-M    3161800000.0          0.000220041           2.40863294819         0.000529998002552     
1025052   Mn52-M    3381500000.0          2.50046e-05           2.40863294819         6.02269034162e-05     
1025052   Mn52-M    3771700000.0          1.80033e-05           2.40863294819         4.33633415561e-05     
1025052   Mn52-M    3951000000.0          7.0013e-06            2.40863294819         1.68635618601e-05     
1025052   Mn52-M    4815400000.0          2.50046e-05           2.40863294819         6.02269034162e-05     
