1041093   Nb93-M    30820000.0            5.95e-06              3.97651955467e-31     2.36602913503e-36     
39090     Y90       2186240000.0          1.4e-08               2.99854397767e-18     4.19796156874e-26     
39088     Y88       484352000.0           9e-06                 2.0267480843e-18      1.82407327587e-23     
39088     Y88       3218430000.0          7.1e-05               2.0267480843e-18      1.43899113985e-22     
39088     Y88       1382390000.0          0.00016               2.0267480843e-18      3.24279693487e-22     
39088     Y88       850643000.0           0.00048               2.0267480843e-18      9.72839080462e-22     
1038087   Sr87-M    388533000.0           0.822                 4.85730190185e-21     3.99270216332e-21     
39088     Y88       2734090000.0          0.00608               2.0267480843e-18      1.23226283525e-20     
39087     Y87       484810000.0           0.93                  4.76788406747e-19     4.43413218274e-19     
39088     Y88       898042000.0           0.937                 2.0267480843e-18      1.89906295499e-18     
39088     Y88       1836070000.0          0.99346               2.0267480843e-18      2.01349315182e-18     
24051     Cr51      320084000.0           0.0989                4.89672869074e-14     4.84286467514e-15     
26055     Fe55      125949000.0           1.3e-09               2.39917424244e-05     3.11892651517e-14     
25051     Mn51      1557500000.0          3.975e-05             1.1134310496e-09      4.42588842215e-14     
25051     Mn51      1899410000.0          6.36e-05              1.1134310496e-09      7.08142147544e-14     
25051     Mn51      2079620000.0          6.89e-05              1.1134310496e-09      7.67153993172e-14     
25051     Mn51      1353900000.0          7.95e-05              1.1134310496e-09      8.85177684429e-14     
41092     Nb92      561000000.0           0.9970996816          1.12852941331e-13     1.12525631869e-13     
41092     Nb92      934490000.0           0.9992                1.12852941331e-13     1.12762658978e-13     
25051     Mn51      2312520000.0          0.00012985            1.1134310496e-09      1.4457902179e-13      
25051     Mn51      808190000.0           0.0001484             1.1134310496e-09      1.6523316776e-13      
25051     Mn51      603800000.0           0.0001537             1.1134310496e-09      1.71134352323e-13     
25051     Mn51      2001350000.0          0.000371              1.1134310496e-09      4.130829194e-13       
25051     Mn51      1164400000.0          0.00075525            1.1134310496e-09      8.40918800208e-13     
25051     Mn51      1148000000.0          0.00078175            1.1134310496e-09      8.70424723022e-13     
25051     Mn51      749070000.0           0.00265               1.1134310496e-09      2.95059228143e-12     
43098     Tc98      652440000.0           0.9975002618          5.8550167548e-12      5.84038074576e-12     
43098     Tc98      745380000.0           0.9982                5.8550167548e-12      5.84447772464e-12     
41094     Nb94      702622000.0           0.9981997711          2.48624944215e-11     2.48177362405e-11     
41094     Nb94      871091000.0           0.9989                2.48624944215e-11     2.48351456776e-11     
15030     P30       3769220000.0          8e-07                 0.0345969837483       2.76775869986e-08     
15030     P30       1534120000.0          1e-06                 0.0345969837483       3.45969837483e-08     
43095     Tc95      1683000000.0          9.382e-08             0.986835491746        9.25849058356e-08     
43096     Tc96      1625700000.0          9.976e-06             0.0139937023624       1.39601174768e-07     
15030     P30       3498330000.0          7.5e-06               0.0345969837483       2.59477378112e-07     
15030     P30       1263130000.0          8.1e-06               0.0345969837483       2.80235568361e-07     
43095     Tc95      467100000.0           4.691e-07             0.986835491746        4.62924529178e-07     
15030     P30       1552360000.0          3.4e-05               0.0345969837483       1.17629744744e-06     
43096     Tc96      847700000.0           0.000189544           0.0139937023624       2.65242232058e-06     
43096     Tc96      350100000.0           0.00019952            0.0139937023624       2.79202349535e-06     
43096     Tc96      352500000.0           0.00019952            0.0139937023624       2.79202349535e-06     
43095     Tc95      1645000000.0          5.6292e-06            0.986835491746        5.55509435014e-06     
43096     Tc96      120300000.0           0.00039904            0.0139937023624       5.5840469907e-06      
43096     Tc96      219400000.0           0.00039904            0.0139937023624       5.5840469907e-06      
43096     Tc96      241600000.0           0.00039904            0.0139937023624       5.5840469907e-06      
43095     Tc95      1441000000.0          6.5674e-06            0.986835491746        6.48094340849e-06     
43095     Tc95      495160000.0           7.0365e-06            0.986835491746        6.94386793767e-06     
43096     Tc96      1441140000.0          0.000538704           0.0139937023624       7.53846343745e-06     
43096     Tc96      349900000.0           0.00069832            0.0139937023624       9.77208223373e-06     
43096     Tc96      371800000.0           0.00069832            0.0139937023624       9.77208223373e-06     
43096     Tc96      481000000.0           0.00079808            0.0139937023624       1.11680939814e-05     
43096     Tc96      1497720000.0          0.000927768           0.0139937023624       1.29829092534e-05     
43096     Tc96      885400000.0           0.0009976             0.0139937023624       1.39601174768e-05     
43095     Tc95      1056700000.0          1.50112e-05           0.986835491746        1.48135849337e-05     
43096     Tc96      591300000.0           0.00109736            0.0139937023624       1.53561292244e-05     
43096     Tc96      721500000.0           0.00119712            0.0139937023624       1.67521409721e-05     
27057     Co57      230270000.0           4e-06                 4.31548856931         1.72619542773e-05     
15030     P30       2235230000.0          0.00059               0.0345969837483       2.04122204115e-05     
29062     Cu62      856200000.0           1.4e-06               16.8137773681         2.35392883154e-05     
29062     Cu62      3257700000.0          1.47e-06              16.8137773681         2.47162527311e-05     
43095     Tc95      181880000.0           2.53314e-05           0.986835491746        2.49979245756e-05     
43096     Tc96      719500000.0           0.0019952             0.0139937023624       2.79202349535e-05     
27061     Co61      841700000.0           0.007938              0.00477902094999      3.79358683011e-05     
29062     Cu62      3860000000.0          2.8e-06               16.8137773681         4.70785766307e-05     
43096     Tc96      1200170000.0          0.00369112            0.0139937023624       5.1652434664e-05      
27057     Co57      366740000.0           1.3e-05               4.31548856931         5.61013514011e-05     
43096     Tc96      535780000.0           0.00409016            0.0139937023624       5.72364816547e-05     
43096     Tc96      460040000.0           0.00428968            0.0139937023624       6.00285051501e-05     
29061     Cu61      1089110000.0          6e-06                 11.9984651685         7.1990791011e-05      
43095     Tc95      1221900000.0          9.382e-05             0.986835491746        9.25849058356e-05     
43095     Tc95      126030000.0           0.000103202           0.986835491746        0.000101843396419     
43096     Tc96      434710000.0           0.007482              0.0139937023624       0.000104700881076     
29062     Cu62      3158000000.0          6.3e-06               16.8137773681         0.000105926797419     
29062     Cu62      1068500000.0          6.65e-06              16.8137773681         0.000111811619498     
29062     Cu62      3269900000.0          7.35e-06              16.8137773681         0.000123581263656     
43096     Tc96      568880000.0           0.00917792            0.0139937023624       0.000128433080786     
29062     Cu62      479100000.0           7.7e-06               16.8137773681         0.000129466085734     
43095     Tc95      477700000.0           0.000131348           0.986835491746        0.00012961886817      
27057     Co57      352340000.0           3.2e-05               4.31548856931         0.000138095634218     
43095     Tc95      561670000.0           0.00014073            0.986835491746        0.000138877358753     
43096     Tc96      1091300000.0          0.0109736             0.0139937023624       0.000153561292244     
27057     Co57      339670000.0           3.8e-05               4.31548856931         0.000163988565634     
43095     Tc95      774990000.0           0.000168876           0.986835491746        0.000166652830504     
27061     Co61      909200000.0           0.036162              0.00477902094999      0.000172818955594     
29062     Cu62      1985100000.0          1.05e-05              16.8137773681         0.000176544662365     
43096     Tc96      316500000.0           0.0139664             0.0139937023624       0.000195441644675     
43095     Tc95      1551710000.0          0.000204528           0.986835491746        0.000201835489456     
43095     Tc95      593160000.0           0.000215786           0.986835491746        0.000212945283422     
27057     Co57      706420000.0           5e-05                 4.31548856931         0.000215774428466     
43096     Tc96      314270000.0           0.0243414             0.0139937023624       0.000340626306685     
43095     Tc95      307930000.0           0.000347134           0.986835491746        0.000342564151592     
43095     Tc95      125800000.0           0.000412808           0.986835491746        0.000407373585677     
29061     Cu61      1997700000.0          3.7e-05               11.9984651685         0.000443943211235     
29062     Cu62      1718300000.0          2.66e-05              16.8137773681         0.000447246477992     
29062     Cu62      2097000000.0          3.045e-05             16.8137773681         0.000511979520859     
27057     Co57      569940000.0           0.00015               4.31548856931         0.000647323285397     
29061     Cu61      544800000.0           6e-05                 11.9984651685         0.00071990791011      
29061     Cu61      947400000.0           6e-05                 11.9984651685         0.00071990791011      
29062     Cu62      2084800000.0          5.25e-05              16.8137773681         0.000882723311826     
27055     Co55      3108700000.0          6e-05                 19.9921940992         0.00119953164595      
29061     Cu61      117500000.0           0.0001                11.9984651685         0.00119984651685      
29061     Cu61      1014800000.0          0.000103              11.9984651685         0.00123584191236      
29061     Cu61      701100000.0           0.000108              11.9984651685         0.0012958342382       
29062     Cu62      3370300000.0          8.12e-05              16.8137773681         0.00136527872229      
27058     Co58      1674710000.0          0.00528               0.268052586418        0.00141531765629      
43095     Tc95      785930000.0           0.00145421            0.986835491746        0.00143506604045      
29061     Cu61      215550000.0           0.00013               11.9984651685         0.00155980047191      
27058     Co58      863958000.0           0.007                 0.268052586418        0.00187636810493      
43096     Tc96      1126850000.0          0.151635              0.0139937023624       0.00212193505773      
25054     Mn54      834848000.0           0.999752              0.00245318566229      0.00245257727224      
29061     Cu61      820890000.0           0.000216              11.9984651685         0.0025916684764       
29061     Cu61      1609630000.0          0.000236              11.9984651685         0.00283163777977      
27055     Co55      1941000000.0          0.00015               19.9921940992         0.00299882911489      
43095     Tc95      204120000.0           0.00303977            0.986835491746        0.00299975292275      
43095     Tc95      604040000.0           0.00303977            0.986835491746        0.00299975292275      
43095     Tc95      869600000.0           0.00317112            0.986835491746        0.00312937376459      
29061     Cu61      1542200000.0          0.00029               11.9984651685         0.00347955489887      
27061     Co61      67415000.0            0.84672               0.00477902094999      0.00404649261878      
29061     Cu61      1117820000.0          0.00039               11.9984651685         0.00467940141572      
29061     Cu61      2124000000.0          0.0004                11.9984651685         0.0047993860674       
29061     Cu61      1073470000.0          0.00042               11.9984651685         0.00503935537077      
29061     Cu61      625605000.0           0.00044               11.9984651685         0.00527932467414      
29061     Cu61      1446490000.0          0.00046               11.9984651685         0.00551929397751      
29062     Cu62      1128900000.0          0.0003325             16.8137773681         0.0055905809749       
29061     Cu61      1662000000.0          0.00051               11.9984651685         0.00611921723594      
29061     Cu61      1064900000.0          0.00052               11.9984651685         0.00623920188762      
29061     Cu61      1032160000.0          0.00053               11.9984651685         0.00635918653931      
27057     Co57      692010000.0           0.00159               4.31548856931         0.00686162682521      
29062     Cu62      2301800000.0          0.0004235             16.8137773681         0.00712063471539      
29061     Cu61      1729470000.0          0.00065               11.9984651685         0.00779900235953      
27055     Co55      1622400000.0          0.00044000025         19.9921940992         0.00879657040171      
27055     Co55      2577700000.0          0.00047000025         19.9921940992         0.00939633622469      
27055     Co55      1555800000.0          0.00048               19.9921940992         0.00959625316764      
29061     Cu61      902294000.0           0.00084               11.9984651685         0.0100787107415       
27055     Co55      2938900000.0          0.00054999975         19.9921940992         0.0109957017565       
29061     Cu61      1132350000.0          0.00092               11.9984651685         0.011038587955        
43096     Tc96      812540000.0           0.820027              0.0139937023624       0.0114752137672       
43096     Tc96      849860000.0           0.975653              0.0139937023624       0.013652997691        
43096     Tc96      778220000.0           0.9976                0.0139937023624       0.0139601174768       
27055     Co55      1792200000.0          0.0008199975          19.9921940992         0.0163935491809       
27055     Co55      2144000000.0          0.00096               19.9921940992         0.0191925063353       
43095     Tc95      947670000.0           0.0195146             0.986835491746        0.0192576998872       
27055     Co55      2872300000.0          0.0011900025          19.9921940992         0.0237907609586       
29062     Cu62      875700000.0           0.00154               16.8137773681         0.0258932171469       
29061     Cu61      841211000.0           0.00224               11.9984651685         0.0268765619774       
29061     Cu61      1099560000.0          0.00257               11.9984651685         0.030836055483        
43095     Tc95      1073710000.0          0.0374342             0.986835491746        0.0369413971651       
29061     Cu61      816692000.0           0.0032                11.9984651685         0.0383950885392       
29061     Cu61      529169000.0           0.0038                11.9984651685         0.0455941676403       
27055     Co55      827500000.0           0.0024                19.9921940992         0.0479812658382       
27055     Co55      1212700000.0          0.0027                19.9921940992         0.053978924068        
27055     Co55      2177400000.0          0.0027                19.9921940992         0.053978924068        
29062     Cu62      1172900000.0          0.0035                16.8137773681         0.0588482207884       
27055     Co55      984600000.0           0.0051999975          19.9921940992         0.103959359336        
27055     Co55      385200000.0           0.0059000025          19.9921940992         0.117953995166        
29061     Cu61      908631000.0           0.0112                11.9984651685         0.134382809887        
29061     Cu61      588605000.0           0.0115                11.9984651685         0.137982349438        
27055     Co55      519900000.0           0.009999975           19.9921940992         0.199921441188        
27055     Co55      411400000.0           0.011000025           19.9921940992         0.219914634897        
27055     Co55      92000000.0            0.012399975           19.9921940992         0.247902707026        
29061     Cu61      373050000.0           0.0209                11.9984651685         0.250767922022        
27058     Co58      810760000.0           0.9944                0.268052586418        0.266551491934        
27055     Co55      803400000.0           0.019700025           19.9921940992         0.39384672356         
27057     Co57      14413000.0            0.0915                4.31548856931         0.394867204092        
29061     Cu61      1185230000.0          0.036                 11.9984651685         0.431944746066        
27057     Co57      136474000.0           0.1071                4.31548856931         0.462188825774        
29061     Cu61      67412000.0            0.04                  11.9984651685         0.47993860674         
27055     Co55      1369800000.0          0.029499975           19.9921940992         0.589769226123        
43095     Tc95      765789000.0           0.9382                0.986835491746        0.925849058356        
29061     Cu61      656008000.0           0.104                 11.9984651685         1.24784037752         
27055     Co55      1316500000.0          0.070100025           19.9921940992         1.40145330616         
29061     Cu61      282956000.0           0.12                  11.9984651685         1.43981582022         
27055     Co55      1408500000.0          0.16599975            19.9921940992         3.31869922243         
27057     Co57      122061000.0           0.8551                4.31548856931         3.69017427562         
27055     Co55      477200000.0           0.204                 19.9921940992         4.07840759625         
27055     Co55      931300000.0           0.75                  19.9921940992         14.9941455744         
