25057     Mn57      14412900.0            0.1056                29651.9770957         3131.24878131         
27057     Co57      14413000.0            0.0915                20.7109097512         1.89504824224         
24049     Cr49      62300000.0            0.166936              1.38472946737         0.231161198365        
24049     Cr49      90630000.0            0.542                 1.38472946737         0.750523371316        
27055     Co55      92000000.0            0.012399975           440703.828742         5464.7164588          
27057     Co57      122061000.0           0.8551                20.7109097512         17.7098989283         
25057     Mn57      122063000.0           0.13915               29651.9770957         4126.07261287         
26055     Fe55      125949000.0           1.3e-09               3674.15696106         4.77640404938e-06     
27057     Co57      136474000.0           0.1071                20.7109097512         2.21813843436         
25057     Mn57      136476000.0           0.01925               29651.9770957         570.800559093         
24049     Cr49      152930000.0           0.30894               1.38472946737         0.42779832165         
23047     V47       159800000.0           0.00106769            792.156162812         0.845777213473        
26052     Fe52      168689000.0           0.991                 486.901176708         482.519066117         
25052     Mn52      200580000.0           0.00076               37400.7715803         28.424586401          
25057     Mn57      230250000.0           0.0022                29651.9770957         65.2343496106         
27057     Co57      230270000.0           4e-06                 20.7109097512         8.2843639005e-05      
23047     V47       244400000.0           0.00093781            792.156162812         0.742891971047        
27056     Co56      263410000.0           0.000234              165.879162018         0.0388157239122       
24051     Cr51      320084000.0           0.0989                9.36268623856         0.925969668993        
25057     Mn57      339600000.0           0.001705              29651.9770957         50.5566209482         
27057     Co57      339670000.0           3.8e-05               20.7109097512         0.000787014570547     
25052     Mn52      346030000.0           0.0101                37400.7715803         377.747792961         
25057     Mn57      352320000.0           0.0209                29651.9770957         619.726321301         
27057     Co57      352340000.0           3.2e-05               20.7109097512         0.00066274911204      
25057     Mn57      366730000.0           0.00396               29651.9770957         117.421829299         
27057     Co57      366740000.0           1.3e-05               20.7109097512         0.000269241826766     
1025052   Mn52-M    377738000.0           0.0167992             37.7586154956         0.634314533433        
26053     Fe53      377900000.0           0.42                  16617955.5765         6979541.34212         
27055     Co55      385200000.0           0.0059000025          440703.828742         2600.15369134         
25052     Mn52      398080000.0           0.00089               37400.7715803         33.2866867065         
25052     Mn52      399560000.0           0.0018                37400.7715803         67.3213888445         
27056     Co56      411380000.0           0.000269              165.879162018         0.0446214945828       
27055     Co55      411400000.0           0.011000025           440703.828742         4847.75313375         
25057     Mn57      460100000.0           7.7e-06               29651.9770957         0.228320223637        
27055     Co55      477200000.0           0.204                 440703.828742         89903.5810633         
27056     Co56      486540000.0           0.00058               165.879162018         0.0962099139704       
25052     Mn52      502070000.0           0.0021                37400.7715803         78.5416203186         
27055     Co55      519900000.0           0.009999975           440703.828742         4407.02726982         
25057     Mn57      569930000.0           0.00517               29651.9770957         153.300721585         
27057     Co57      569940000.0           0.00015               20.7109097512         0.00310663646269      
25052     Mn52      600180000.0           0.0039                37400.7715803         145.863009163         
25051     Mn51      603800000.0           0.0001537             28475.8516577         4.37673839978         
25052     Mn52      647490000.0           0.0041                37400.7715803         153.343163479         
27056     Co56      655000000.0           0.00038               165.879162018         0.0630340815668       
27056     Co56      674700000.0           0.00035               165.879162018         0.0580577067063       
25057     Mn57      692000000.0           0.055                 29651.9770957         1630.85874027         
27057     Co57      692010000.0           0.00159               20.7109097512         0.0329303465045       
1025052   Mn52-M    704600000.0           0.000280052           37.7586154956         0.0105743757868       
27057     Co57      706420000.0           5e-05                 20.7109097512         0.00103554548756      
25057     Mn57      706420000.0           0.002365              29651.9770957         70.1269258314         
27056     Co56      733509000.0           0.00191               165.879162018         0.316829199454        
25052     Mn52      744214000.0           0.9034                37400.7715803         33787.8570456         
25051     Mn51      749070000.0           0.00265               28475.8516577         75.4610068928         
27056     Co56      787739000.0           0.0031                165.879162018         0.514225402256        
27055     Co55      803400000.0           0.019700025           440703.828742         8681.87644381         
25051     Mn51      808190000.0           0.0001484             28475.8516577         4.225816386           
27058     Co58      810760000.0           0.9944                0.556755346741        0.553637516799        
27055     Co55      827500000.0           0.0024                440703.828742         1057.68918898         
25054     Mn54      834848000.0           0.999752              252.461232164         252.398621778         
27056     Co56      846764000.0           0.999399              165.879162018         165.779468642         
25056     Mn56      846764000.0           0.9885                27331.3974725         27017.0864016         
25052     Mn52      848130000.0           0.0335                37400.7715803         1252.92584794         
27056     Co56      852780000.0           0.00049               165.879162018         0.0812807893888       
27058     Co58      863958000.0           0.007                 0.556755346741        0.00389728742719      
25057     Mn57      870680000.0           0.002585              29651.9770957         76.6503607925         
27056     Co56      896503000.0           0.000704              165.879162018         0.116778930061        
25057     Mn57      898400000.0           7.15e-06              29651.9770957         0.212011636235        
25052     Mn52      901870000.0           0.00044               37400.7715803         16.4563394953         
25057     Mn57      921030000.0           0.000935              29651.9770957         27.7245985845         
27055     Co55      931300000.0           0.75                  440703.828742         330527.871556         
25052     Mn52      935520000.0           0.949                 37400.7715803         35493.3322297         
27056     Co56      977363000.0           0.01422               165.879162018         2.3588016839          
27055     Co55      984600000.0           0.0051999975          440703.828742         2291.6588077          
25057     Mn57      992680000.0           0.00143               29651.9770957         42.4023272469         
27056     Co56      996939000.0           0.00116               165.879162018         0.192419827941        
25057     Mn57      1019080000.0          0.00044               29651.9770957         13.0468699221         
27056     Co56      1037830000.0          0.1403                165.879162018         23.2728464311         
25056     Mn56      1037830000.0          0.0004                27331.3974725         10.932558989          
26052     Fe52      1039940000.0          0.00095               486.901176708         0.462556117872        
25052     Mn52      1045720000.0          0.0005                37400.7715803         18.7003857901         
27056     Co56      1089030000.0          0.00054               165.879162018         0.0895747474897       
27056     Co56      1140360000.0          0.00132               165.879162018         0.218960493864        
25051     Mn51      1148000000.0          0.00078175            28475.8516577         22.2609970334         
27056     Co56      1159930000.0          0.00088               165.879162018         0.145973662576        
25051     Mn51      1164400000.0          0.00075525            28475.8516577         21.5063869645         
27056     Co56      1175090000.0          0.02249               165.879162018         3.73062235378         
27056     Co56      1198780000.0          0.00044               165.879162018         0.0729868312879       
27055     Co55      1212700000.0          0.0027                440703.828742         1189.9003376          
27056     Co56      1238270000.0          0.6641                165.879162018         110.160351496         
25056     Mn56      1238270000.0          0.00097               27331.3974725         26.5114555483         
23047     V47       1243500000.0          2.483e-05             792.156162812         0.0196692375226       
25052     Mn52      1246250000.0          0.0423                37400.7715803         1582.05263785         
25052     Mn52      1247850000.0          0.0038                37400.7715803         142.122932005         
25057     Mn57      1250600000.0          2.75e-07              29651.9770957         0.00815429370133      
25057     Mn57      1260540000.0          0.003245              29651.9770957         96.2206656757         
25057     Mn57      1265000000.0          1.375e-07             29651.9770957         0.00407714685066      
27056     Co56      1272200000.0          0.000202              165.879162018         0.0335075907276       
26053     Fe53      1289700000.0          8.4e-05               16617955.5765         1395.90826842         
27055     Co55      1316500000.0          0.070100025           440703.828742         30893.3494124         
27053     Co53      1328000000.0          0.056                 107703.990166         6031.42344928         
1025052   Mn52-M    1333620000.0          0.000300056           37.7586154956         0.0113296991311       
25052     Mn52      1333620000.0          0.0507                37400.7715803         1896.21911912         
27056     Co56      1335380000.0          0.001228              165.879162018         0.203699610958        
25051     Mn51      1353900000.0          7.95e-05              28475.8516577         2.26383020678         
25057     Mn57      1358710000.0          0.0002365             29651.9770957         7.01269258314         
27056     Co56      1360200000.0          0.0428                165.879162018         7.09962813437         
24049     Cr49      1361600000.0          0.00050948            1.38472946737         0.000705491969037     
27055     Co55      1369800000.0          0.029499975           440703.828742         13000.7519303         
23047     V47       1390400000.0          0.00079265            792.156162812         0.627902582453        
26053     Fe53      1396800000.0          8.4e-05               16617955.5765         1395.90826842         
27055     Co55      1408500000.0          0.16599975            440703.828742         73156.7253951         
24049     Cr49      1423600000.0          0.00011924            1.38472946737         0.000165115141689     
1025052   Mn52-M    1434050000.0          0.982182              37.7586154956         37.0858324847         
25052     Mn52      1434050000.0          0.99987               37400.7715803         37395.90948           
27056     Co56      1442750000.0          0.0018                165.879162018         0.298582491632        
27056     Co56      1462340000.0          0.000778              165.879162018         0.12905398805         
24049     Cr49      1508300000.0          0.00010298            1.38472946737         0.00014259944055      
24049     Cr49      1514500000.0          0.00028726            1.38472946737         0.000397777386797     
1025052   Mn52-M    1530670000.0          0.000460085           37.7586154956         0.0173721726103       
23047     V47       1549900000.0          0.00066468            792.156162812         0.526530358298        
27055     Co55      1555800000.0          0.00048               440703.828742         211.537837796         
25051     Mn51      1557500000.0          3.975e-05             28475.8516577         1.13191510339         
24049     Cr49      1570600000.0          0.00019512            1.38472946737         0.000270188413674     
25057     Mn57      1612820000.0          0.007315              29651.9770957         216.904212455         
26053     Fe53      1621200000.0          0.00504               16617955.5765         83754.4961054         
27055     Co55      1622400000.0          0.00044000025         440703.828742         193.909794822         
27056     Co56      1640450000.0          0.000621              165.879162018         0.103010959613        
25052     Mn52      1645780000.0          0.00052               37400.7715803         19.4484012217         
27058     Co58      1674710000.0          0.00528               0.556755346741        0.00293966823079      
25057     Mn57      1710200000.0          6.6e-05               29651.9770957         1.95703048832         
25057     Mn57      1725180000.0          0.00165               29651.9770957         48.925762208          
1025052   Mn52-M    1727530000.0          0.00220041            37.7586154956         0.0830844351226       
27056     Co56      1771330000.0          0.1545                165.879162018         25.6283305318         
27055     Co55      1792200000.0          0.0008199975          440703.828742         361.376037809         
23047     V47       1793900000.0          0.00191               792.156162812         1.51301827097         
27056     Co56      1810730000.0          0.00639               165.879162018         1.05996784529         
25056     Mn56      1810730000.0          0.269                 27331.3974725         7352.1459201          
25051     Mn51      1899410000.0          6.36e-05              28475.8516577         1.81106416543         
27055     Co55      1941000000.0          0.00015               440703.828742         66.1055743112         
27056     Co56      1963700000.0          0.00706               165.879162018         1.17110688385         
25052     Mn52      1981070000.0          0.00035               37400.7715803         13.0902700531         
25051     Mn51      2001350000.0          0.000371              28475.8516577         10.564540965          
23047     V47       2003100000.0          3.629e-05             792.156162812         0.0287473471484       
23047     V47       2007300000.0          9.932e-05             792.156162812         0.0786769500905       
27056     Co56      2015180000.0          0.03017               165.879162018         5.00457431808         
27056     Co56      2034750000.0          0.07741               165.879162018         12.8407059318         
1025052   Mn52-M    2038000000.0          8.00148e-05           37.7586154956         0.00302124806715      
25051     Mn51      2079620000.0          6.89e-05              28475.8516577         1.96198617921         
24049     Cr49      2091000000.0          3.794e-07             1.38472946737         5.25366359921e-07     
27056     Co56      2113090000.0          0.00376               165.879162018         0.623705649188        
25056     Mn56      2113090000.0          0.142                 27331.3974725         3881.05844109         
24049     Cr49      2144000000.0          9.214e-07             1.38472946737         1.27588973124e-06     
27055     Co55      2144000000.0          0.00096               440703.828742         423.075675592         
23047     V47       2163000000.0          0.00067041            792.156162812         0.531069413111        
27055     Co55      2177400000.0          0.0027                440703.828742         1189.9003376          
27056     Co56      2212900000.0          0.00385               165.879162018         0.638634773769        
24049     Cr49      2218000000.0          2.168e-07             1.38472946737         3.00209348526e-07     
24049     Cr49      2235000000.0          2.168e-07             1.38472946737         3.00209348526e-07     
25052     Mn52      2257360000.0          2.7e-05               37400.7715803         1.00982083267         
26053     Fe53      2273800000.0          0.00378               16617955.5765         62815.8720791         
27056     Co56      2276360000.0          0.00118               165.879162018         0.195737411181        
26053     Fe53      2308600000.0          0.000126              16617955.5765         2093.86240264         
25051     Mn51      2312520000.0          0.00012985            28475.8516577         3.69758933775         
1025052   Mn52-M    2337400000.0          7.0013e-05            37.7586154956         0.00264359394669      
23047     V47       2366300000.0          8.404e-05             792.156162812         0.0665728039227       
27056     Co56      2373700000.0          0.00078               165.879162018         0.129385746374        
27056     Co56      2523000000.0          0.00063               165.879162018         0.104503872071        
25056     Mn56      2523060000.0          0.0102                27331.3974725         278.780254219         
23047     V47       2525600000.0          8.786e-05             792.156162812         0.0695988404647       
23047     V47       2548700000.0          6.685e-05             792.156162812         0.052955639484        
27055     Co55      2577700000.0          0.00047000025         440703.828742         207.130909685         
27056     Co56      2598440000.0          0.1696                165.879162018         28.1331058782         
25056     Mn56      2598440000.0          0.0002                27331.3974725         5.4662794945          
27056     Co56      2657400000.0          0.000195              165.879162018         0.0323464365935       
25056     Mn56      2657560000.0          0.00645               27331.3974725         176.287513698         
26053     Fe53      2686500000.0          0.000798              16617955.5765         13261.12855           
26053     Fe53      2749200000.0          0.001386              16617955.5765         23032.486429          
23047     V47       2793300000.0          6.494e-06             792.156162812         0.0051442621213       
27055     Co55      2872300000.0          0.0011900025          440703.828742         524.438657962         
27055     Co55      2938900000.0          0.00054999975         440703.828742         242.386995632         
26053     Fe53      2946900000.0          0.000504              16617955.5765         8375.44961054         
25056     Mn56      2959920000.0          0.00307               27331.3974725         83.9073902405         
27056     Co56      3009560000.0          0.01038               165.879162018         1.72182570175         
27055     Co55      3108700000.0          6e-05                 440703.828742         26.4422297245         
1025052   Mn52-M    3161800000.0          0.000220041           37.7586154956         0.00830844351226      
27056     Co56      3201930000.0          0.03203               165.879162018         5.31310955944         
26053     Fe53      3248900000.0          0.000378              16617955.5765         6281.58720791         
27056     Co56      3253400000.0          0.0787                165.879162018         13.0546900508         
27056     Co56      3272980000.0          0.01855               165.879162018         3.07705845543         
27056     Co56      3369690000.0          0.000103              165.879162018         0.0170855536879       
25056     Mn56      3369840000.0          0.0017                27331.3974725         46.4633757032         
1025052   Mn52-M    3381500000.0          2.50046e-05           37.7586154956         0.00094413907702      
27056     Co56      3451120000.0          0.00942               165.879162018         1.56258170621         
27056     Co56      3547930000.0          0.001956              165.879162018         0.324459640907        
27056     Co56      3600710000.0          0.000167              165.879162018         0.027701820057        
27056     Co56      3611800000.0          8.4e-05               165.879162018         0.0139338496095       
1025052   Mn52-M    3771700000.0          1.80033e-05           37.7586154956         0.000679779682351     
1025052   Mn52-M    3951000000.0          7.0013e-06            37.7586154956         0.000264359394669     
1025052   Mn52-M    4815400000.0          2.50046e-05           37.7586154956         0.00094413907702      
