23047     V47       159800000.0           0.00106769            12118.304033          12.938592033          
23047     V47       244400000.0           0.00093781            12118.304033          11.3646667052         
23047     V47       1243500000.0          2.483e-05             12118.304033          0.30089748914         
23047     V47       1390400000.0          0.00079265            12118.304033          9.60557369176         
23047     V47       1549900000.0          0.00066468            12118.304033          8.05479432466         
23047     V47       1793900000.0          0.00191               12118.304033          23.145960703          
23047     V47       2003100000.0          3.629e-05             12118.304033          0.439773253358        
23047     V47       2007300000.0          9.932e-05             12118.304033          1.20358995656         
23047     V47       2163000000.0          0.00067041            12118.304033          8.12423220677         
23047     V47       2366300000.0          8.404e-05             12118.304033          1.01842227093         
23047     V47       2525600000.0          8.786e-05             12118.304033          1.06471419234         
23047     V47       2548700000.0          6.685e-05             12118.304033          0.810108624607        
23047     V47       2793300000.0          6.494e-06             12118.304033          0.0786962663904       
24049     Cr49      62300000.0            0.166936              22.5007021259         3.75617721009         
24049     Cr49      90630000.0            0.542                 22.5007021259         12.1953805522         
24049     Cr49      152930000.0           0.30894               22.5007021259         6.95136691477         
24049     Cr49      1361600000.0          0.00050948            22.5007021259         0.0114636577191       
24049     Cr49      1423600000.0          0.00011924            22.5007021259         0.00268298372149      
24049     Cr49      1508300000.0          0.00010298            22.5007021259         0.00231712230492      
24049     Cr49      1514500000.0          0.00028726            22.5007021259         0.00646355169268      
24049     Cr49      1570600000.0          0.00019512            22.5007021259         0.0043903369988       
24049     Cr49      2091000000.0          3.794e-07             22.5007021259         8.53676638656e-06     
24049     Cr49      2144000000.0          9.214e-07             22.5007021259         2.07321469388e-05     
24049     Cr49      2218000000.0          2.168e-07             22.5007021259         4.87815222089e-06     
24049     Cr49      2235000000.0          2.168e-07             22.5007021259         4.87815222089e-06     
24051     Cr51      320084000.0           0.0989                437430.381628         43261.864743          
25051     Mn51      603800000.0           0.0001537             3915367.95733         601.792055041         
25051     Mn51      749070000.0           0.00265               3915367.95733         10375.7250869         
25051     Mn51      808190000.0           0.0001484             3915367.95733         581.040604867         
25051     Mn51      1148000000.0          0.00078175            3915367.95733         3060.83890064         
25051     Mn51      1164400000.0          0.00075525            3915367.95733         2957.08164977         
25051     Mn51      1353900000.0          7.95e-05              3915367.95733         311.271752607         
25051     Mn51      1557500000.0          3.975e-05             3915367.95733         155.635876304         
25051     Mn51      1899410000.0          6.36e-05              3915367.95733         249.017402086         
25051     Mn51      2001350000.0          0.000371              3915367.95733         1452.60151217         
25051     Mn51      2079620000.0          6.89e-05              3915367.95733         269.76885226          
25051     Mn51      2312520000.0          0.00012985            3915367.95733         508.410529259         
25052     Mn52      200580000.0           0.00076               145787060.557         110798.166024         
25052     Mn52      346030000.0           0.0101                145787060.557         1472449.31163         
25052     Mn52      398080000.0           0.00089               145787060.557         129750.483896         
25052     Mn52      399560000.0           0.0018                145787060.557         262416.709003         
25052     Mn52      502070000.0           0.0021                145787060.557         306152.827171         
25052     Mn52      600180000.0           0.0039                145787060.557         568569.536174         
25052     Mn52      647490000.0           0.0041                145787060.557         597726.948285         
25052     Mn52      744214000.0           0.9034                145787060.557         131704030.508         
25052     Mn52      848130000.0           0.0335                145787060.557         4883866.52867         
25052     Mn52      901870000.0           0.00044               145787060.557         64146.3066453         
25052     Mn52      935520000.0           0.949                 145787060.557         138351920.469         
25052     Mn52      1045720000.0          0.0005                145787060.557         72893.5302787         
25052     Mn52      1246250000.0          0.0423                145787060.557         6166792.66158         
25052     Mn52      1247850000.0          0.0038                145787060.557         553990.830118         
25052     Mn52      1333620000.0          0.0507                145787060.557         7391403.97026         
25052     Mn52      1434050000.0          0.99987               145787060.557         145768108.24          
25052     Mn52      1645780000.0          0.00052               145787060.557         75809.2714898         
25052     Mn52      1981070000.0          0.00035               145787060.557         51025.4711951         
25052     Mn52      2257360000.0          2.7e-05               145787060.557         3936.25063505         
25054     Mn54      834848000.0           0.999752              627560.275603         627404.640655         
25056     Mn56      846764000.0           0.9885                5194134.50372         5134401.95692         
25056     Mn56      1037830000.0          0.0004                5194134.50372         2077.65380149         
25056     Mn56      1238270000.0          0.00097               5194134.50372         5038.31046861         
25056     Mn56      1810730000.0          0.269                 5194134.50372         1397222.1815          
25056     Mn56      2113090000.0          0.142                 5194134.50372         737567.099528         
25056     Mn56      2523060000.0          0.0102                5194134.50372         52980.1719379         
25056     Mn56      2598440000.0          0.0002                5194134.50372         1038.82690074         
25056     Mn56      2657560000.0          0.00645               5194134.50372         33502.167549          
25056     Mn56      2959920000.0          0.00307               5194134.50372         15945.9929264         
25056     Mn56      3369840000.0          0.0017                5194134.50372         8830.02865632         
25057     Mn57      14412900.0            0.1056                97973.3183318         10345.9824158         
25057     Mn57      122063000.0           0.13915               97973.3183318         13632.9872459         
25057     Mn57      136476000.0           0.01925               97973.3183318         1885.98637789         
25057     Mn57      230250000.0           0.0022                97973.3183318         215.54130033          
25057     Mn57      339600000.0           0.001705              97973.3183318         167.044507756         
25057     Mn57      352320000.0           0.0209                97973.3183318         2047.64235314         
25057     Mn57      366730000.0           0.00396               97973.3183318         387.974340594         
25057     Mn57      460100000.0           7.7e-06               97973.3183318         0.754394551155        
25057     Mn57      569930000.0           0.00517               97973.3183318         506.522055776         
25057     Mn57      692000000.0           0.055                 97973.3183318         5388.53250825         
25057     Mn57      706420000.0           0.002365              97973.3183318         231.706897855         
25057     Mn57      870680000.0           0.002585              97973.3183318         253.261027888         
25057     Mn57      898400000.0           7.15e-06              97973.3183318         0.700509226073        
25057     Mn57      921030000.0           0.000935              97973.3183318         91.6050526403         
25057     Mn57      992680000.0           0.00143               97973.3183318         140.101845215         
25057     Mn57      1019080000.0          0.00044               97973.3183318         43.108260066          
25057     Mn57      1250600000.0          2.75e-07              97973.3183318         0.0269426625413       
25057     Mn57      1260540000.0          0.003245              97973.3183318         317.923417987         
25057     Mn57      1265000000.0          1.375e-07             97973.3183318         0.0134713312706       
25057     Mn57      1358710000.0          0.0002365             97973.3183318         23.1706897855         
25057     Mn57      1612820000.0          0.007315              97973.3183318         716.674823597         
25057     Mn57      1710200000.0          6.6e-05               97973.3183318         6.4662390099          
25057     Mn57      1725180000.0          0.00165               97973.3183318         161.655975248         
26052     Fe52      168689000.0           0.991                 131767.053231         130581.149751         
26052     Fe52      1039940000.0          0.00095               131767.053231         125.178700569         
26053     Fe53      377900000.0           0.42                  236383238.172         99280960.0324         
26053     Fe53      1289700000.0          8.4e-05               236383238.172         19856.1920065         
26053     Fe53      1396800000.0          8.4e-05               236383238.172         19856.1920065         
26053     Fe53      1621200000.0          0.00504               236383238.172         1191371.52039         
26053     Fe53      2273800000.0          0.00378               236383238.172         893528.640292         
26053     Fe53      2308600000.0          0.000126              236383238.172         29784.2880097         
26053     Fe53      2686500000.0          0.000798              236383238.172         188633.824062         
26053     Fe53      2749200000.0          0.001386              236383238.172         327627.168107         
26053     Fe53      2946900000.0          0.000504              236383238.172         119137.152039         
26053     Fe53      3248900000.0          0.000378              236383238.172         89352.8640292         
26055     Fe55      125949000.0           1.3e-09               27908838.2733         0.0362814897554       
27053     Co53      1328000000.0          0.056                 307283.956904         17207.9015866         
27055     Co55      92000000.0            0.012399975           836155261.356         10368304.3369         
27055     Co55      385200000.0           0.0059000025          836155261.356         4933318.13239         
27055     Co55      411400000.0           0.011000025           836155261.356         9197728.7788          
27055     Co55      477200000.0           0.204                 836155261.356         170575673.317         
27055     Co55      519900000.0           0.009999975           836155261.356         8361531.70968         
27055     Co55      803400000.0           0.019700025           836155261.356         16472279.5526         
27055     Co55      827500000.0           0.0024                836155261.356         2006772.62726         
27055     Co55      931300000.0           0.75                  836155261.356         627116446.017         
27055     Co55      984600000.0           0.0051999975          836155261.356         4348005.26867         
27055     Co55      1212700000.0          0.0027                836155261.356         2257619.20566         
27055     Co55      1316500000.0          0.070100025           836155261.356         58614504.725          
27055     Co55      1369800000.0          0.029499975           836155261.356         24666559.3061         
27055     Co55      1408500000.0          0.16599975            836155261.356         138801564.346         
27055     Co55      1555800000.0          0.00048               836155261.356         401354.525451         
27055     Co55      1622400000.0          0.00044000025         836155261.356         367908.524036         
27055     Co55      1792200000.0          0.0008199975          836155261.356         685645.223924         
27055     Co55      1941000000.0          0.00015               836155261.356         125423.289203         
27055     Co55      2144000000.0          0.00096               836155261.356         802709.050902         
27055     Co55      2177400000.0          0.0027                836155261.356         2257619.20566         
27055     Co55      2577700000.0          0.00047000025         836155261.356         392993.181876         
27055     Co55      2872300000.0          0.0011900025          836155261.356         995026.851402         
27055     Co55      2938900000.0          0.00054999975         836155261.356         459885.184707         
27055     Co55      3108700000.0          6e-05                 836155261.356         50169.3156814         
27056     Co56      263410000.0           0.000234              1519331.69553         355.523616754         
27056     Co56      411380000.0           0.000269              1519331.69553         408.700226098         
27056     Co56      486540000.0           0.00058               1519331.69553         881.212383407         
27056     Co56      655000000.0           0.00038               1519331.69553         577.346044301         
27056     Co56      674700000.0           0.00035               1519331.69553         531.766093436         
27056     Co56      733509000.0           0.00191               1519331.69553         2901.92353846         
27056     Co56      787739000.0           0.0031                1519331.69553         4709.92825614         
27056     Co56      846764000.0           0.999399              1519331.69553         1518418.57718         
27056     Co56      852780000.0           0.00049               1519331.69553         744.47253081          
27056     Co56      896503000.0           0.000704              1519331.69553         1069.60951365         
27056     Co56      977363000.0           0.01422               1519331.69553         21604.8967104         
27056     Co56      996939000.0           0.00116               1519331.69553         1762.42476681         
27056     Co56      1037830000.0          0.1403                1519331.69553         213162.236883         
27056     Co56      1089030000.0          0.00054               1519331.69553         820.439115586         
27056     Co56      1140360000.0          0.00132               1519331.69553         2005.5178381          
27056     Co56      1159930000.0          0.00088               1519331.69553         1337.01189207         
27056     Co56      1175090000.0          0.02249               1519331.69553         34169.7698325         
27056     Co56      1198780000.0          0.00044               1519331.69553         668.505946033         
27056     Co56      1238270000.0          0.6641                1519331.69553         1008988.179           
27056     Co56      1272200000.0          0.000202              1519331.69553         306.905002497         
27056     Co56      1335380000.0          0.001228              1519331.69553         1865.73932211         
27056     Co56      1360200000.0          0.0428                1519331.69553         65027.3965687         
27056     Co56      1442750000.0          0.0018                1519331.69553         2734.79705195         
27056     Co56      1462340000.0          0.000778              1519331.69553         1182.04005912         
27056     Co56      1640450000.0          0.000621              1519331.69553         943.504982924         
27056     Co56      1771330000.0          0.1545                1519331.69553         234736.746959         
27056     Co56      1810730000.0          0.00639               1519331.69553         9708.52953444         
27056     Co56      1963700000.0          0.00706               1519331.69553         10726.4817704         
27056     Co56      2015180000.0          0.03017               1519331.69553         45838.2372541         
27056     Co56      2034750000.0          0.07741               1519331.69553         117611.466551         
27056     Co56      2113090000.0          0.00376               1519331.69553         5712.68717519         
27056     Co56      2212900000.0          0.00385               1519331.69553         5849.42702779         
27056     Co56      2276360000.0          0.00118               1519331.69553         1792.81140073         
27056     Co56      2373700000.0          0.00078               1519331.69553         1185.07872251         
27056     Co56      2523000000.0          0.00063               1519331.69553         957.178968184         
27056     Co56      2598440000.0          0.1696                1519331.69553         257678.655562         
27056     Co56      2657400000.0          0.000195              1519331.69553         296.269680628         
27056     Co56      3009560000.0          0.01038               1519331.69553         15770.6629996         
27056     Co56      3201930000.0          0.03203               1519331.69553         48664.1942078         
27056     Co56      3253400000.0          0.0787                1519331.69553         119571.404438         
27056     Co56      3272980000.0          0.01855               1519331.69553         28183.6029521         
27056     Co56      3369690000.0          0.000103              1519331.69553         156.49116464          
27056     Co56      3451120000.0          0.00942               1519331.69553         14312.1045719         
27056     Co56      3547930000.0          0.001956              1519331.69553         2971.81279646         
27056     Co56      3600710000.0          0.000167              1519331.69553         253.728393154         
27056     Co56      3611800000.0          8.4e-05               1519331.69553         127.623862425         
27057     Co57      14413000.0            0.0915                199988.404099         18298.9389751         
27057     Co57      122061000.0           0.8551                199988.404099         171010.084345         
27057     Co57      136474000.0           0.1071                199988.404099         21418.758079          
27057     Co57      230270000.0           4e-06                 199988.404099         0.799953616397        
27057     Co57      339670000.0           3.8e-05               199988.404099         7.59955935577         
27057     Co57      352340000.0           3.2e-05               199988.404099         6.39962893117         
27057     Co57      366740000.0           1.3e-05               199988.404099         2.59984925329         
27057     Co57      569940000.0           0.00015               199988.404099         29.9982606149         
27057     Co57      692010000.0           0.00159               199988.404099         317.981562518         
27057     Co57      706420000.0           5e-05                 199988.404099         9.99942020496         
27058     Co58      810760000.0           0.9944                4526.91385681         4501.56313921         
27058     Co58      863958000.0           0.007                 4526.91385681         31.6883969977         
27058     Co58      1674710000.0          0.00528               4526.91385681         23.902105164          
1025052   Mn52-M    377738000.0           0.0167992             131766.520731         2213.57213506         
1025052   Mn52-M    704600000.0           0.000280052           131766.520731         36.9014776638         
1025052   Mn52-M    1333620000.0          0.000300056           131766.520731         39.5373351445         
1025052   Mn52-M    1434050000.0          0.982182              131766.520731         129418.704865         
1025052   Mn52-M    1530670000.0          0.000460085           131766.520731         60.6237996905         
1025052   Mn52-M    1727530000.0          0.00220041            131766.520731         289.940369882         
1025052   Mn52-M    2038000000.0          8.00148e-05           131766.520731         10.543271803          
1025052   Mn52-M    2337400000.0          7.0013e-05            131766.520731         9.22536941594         
1025052   Mn52-M    3161800000.0          0.000220041           131766.520731         28.9940369882         
1025052   Mn52-M    3381500000.0          2.50046e-05           131766.520731         3.29476914427         
1025052   Mn52-M    3771700000.0          1.80033e-05           131766.520731         2.37223220268         
1025052   Mn52-M    3951000000.0          7.0013e-06            131766.520731         0.922536941594        
1025052   Mn52-M    4815400000.0          2.50046e-05           131766.520731         3.29476914427         
