21886500.0     0.506302597    
22008760.0     0.50207053684  
22131020.0     0.49468102018  
22253280.0     0.48729150352  
22375540.0     0.47990198686  
22497800.0     0.4725124702   
22620060.0     0.46512295354  
22742320.0     0.45773343688  
22864580.0     0.45034392022  
22986840.0     0.44295440356  
23109100.0     0.4355648869   
23231360.0     0.42817537024  
23353620.0     0.42078585358  
23475880.0     0.41339633692  
23598140.0     0.40600682026  
23720400.0     0.3986173036   
23842660.0     0.39122778694  
23964920.0     0.38383827028  
24087180.0     0.37648641538  
24209440.0     0.36914971504  
24331700.0     0.3618130147   
24453960.0     0.35447631436  
24576220.0     0.34713961402  
24698480.0     0.33980291368  
24820740.0     0.33246621334  
24943000.0     0.325129513    
25065260.0     0.31779281266  
25187520.0     0.31045611232  
25309780.0     0.30311941198  
25432040.0     0.29578271164  
25554300.0     0.2884460113   
25676560.0     0.28110931096  
25798820.0     0.27377261062  
25921080.0     0.26643591028  
26043340.0     0.25991014468  
26165600.0     0.2548610512   
26287860.0     0.24981195772  
26410120.0     0.24476286424  
26532380.0     0.23971377076  
26654640.0     0.23466467728  
26776900.0     0.2296155838   
26899160.0     0.22456649032  
27021420.0     0.21951739684  
27143680.0     0.21446830336  
27265940.0     0.20941920988  
27388200.0     0.2043701164   
27510460.0     0.19932102292  
27632720.0     0.19427192944  
27754980.0     0.18922283596  
27877240.0     0.18417374248  
27999500.0     0.179124649    
