26053     Fe53      1289700000.0          8.4e-05               1.29274063648e-146    1.08590213464e-150    
26053     Fe53      1396800000.0          8.4e-05               1.29274063648e-146    1.08590213464e-150    
26053     Fe53      2308600000.0          0.000126              1.29274063648e-146    1.62885320197e-150    
26053     Fe53      3248900000.0          0.000378              1.29274063648e-146    4.8865596059e-150     
26053     Fe53      2946900000.0          0.000504              1.29274063648e-146    6.51541280787e-150    
26053     Fe53      2686500000.0          0.000798              1.29274063648e-146    1.03160702791e-149    
26053     Fe53      2749200000.0          0.001386              1.29274063648e-146    1.79173852216e-149    
26053     Fe53      2273800000.0          0.00378               1.29274063648e-146    4.8865596059e-149     
26053     Fe53      1621200000.0          0.00504               1.29274063648e-146    6.51541280787e-149    
26053     Fe53      377900000.0           0.42                  1.29274063648e-146    5.42951067322e-147    
23047     V47       2793300000.0          6.494e-06             8.52646369955e-38     5.53708552649e-43     
23047     V47       1243500000.0          2.483e-05             8.52646369955e-38     2.1171209366e-42      
23047     V47       2003100000.0          3.629e-05             8.52646369955e-38     3.09425367657e-42     
23047     V47       2548700000.0          6.685e-05             8.52646369955e-38     5.69994098315e-42     
23047     V47       2366300000.0          8.404e-05             8.52646369955e-38     7.1656400931e-42      
23047     V47       2525600000.0          8.786e-05             8.52646369955e-38     7.49135100643e-42     
23047     V47       2007300000.0          9.932e-05             8.52646369955e-38     8.4684837464e-42      
23047     V47       1549900000.0          0.00066468            8.52646369955e-38     5.66736989182e-41     
23047     V47       2163000000.0          0.00067041            8.52646369955e-38     5.71622652882e-41     
23047     V47       1390400000.0          0.00079265            8.52646369955e-38     6.75850145145e-41     
23047     V47       244400000.0           0.00093781            8.52646369955e-38     7.99620292208e-41     
23047     V47       159800000.0           0.00106769            8.52646369955e-38     9.10362002737e-41     
23047     V47       1793900000.0          0.00191               8.52646369955e-38     1.62855456661e-40     
24049     Cr49      2218000000.0          2.168e-07             1.10792755722e-31     2.40198694404e-38     
24049     Cr49      2235000000.0          2.168e-07             1.10792755722e-31     2.40198694404e-38     
24049     Cr49      2091000000.0          3.794e-07             1.10792755722e-31     4.20347715208e-38     
24049     Cr49      2144000000.0          9.214e-07             1.10792755722e-31     1.02084445122e-37     
24049     Cr49      1508300000.0          0.00010298            1.10792755722e-31     1.14094379842e-35     
24049     Cr49      1423600000.0          0.00011924            1.10792755722e-31     1.32109281922e-35     
24049     Cr49      1570600000.0          0.00019512            1.10792755722e-31     2.16178824964e-35     
24049     Cr49      1514500000.0          0.00028726            1.10792755722e-31     3.18263270086e-35     
24049     Cr49      1361600000.0          0.00050948            1.10792755722e-31     5.6446693185e-35      
24049     Cr49      62300000.0            0.166936              1.10792755722e-31     1.84952994691e-32     
24049     Cr49      152930000.0           0.30894               1.10792755722e-31     3.42283139526e-32     
24049     Cr49      90630000.0            0.542                 1.10792755722e-31     6.00496736011e-32     
25051     Mn51      1557500000.0          3.975e-05             1.78615460364e-24     7.09996454945e-29     
25051     Mn51      1899410000.0          6.36e-05              1.78615460364e-24     1.13599432791e-28     
25051     Mn51      2079620000.0          6.89e-05              1.78615460364e-24     1.2306605219e-28      
25051     Mn51      1353900000.0          7.95e-05              1.78615460364e-24     1.41999290989e-28     
25051     Mn51      2312520000.0          0.00012985            1.78615460364e-24     2.31932175282e-28     
25051     Mn51      808190000.0           0.0001484             1.78615460364e-24     2.6506534318e-28      
25051     Mn51      603800000.0           0.0001537             1.78615460364e-24     2.74531962579e-28     
25051     Mn51      2001350000.0          0.000371              1.78615460364e-24     6.62663357949e-28     
25051     Mn51      1164400000.0          0.00075525            1.78615460364e-24     1.3489932644e-27      
25051     Mn51      1148000000.0          0.00078175            1.78615460364e-24     1.39632636139e-27     
25051     Mn51      749070000.0           0.00265               1.78615460364e-24     4.73330969963e-27     
25056     Mn56      2598440000.0          0.0002                0.000103666684884     2.07333369769e-08     
25056     Mn56      1037830000.0          0.0004                0.000103666684884     4.14666739538e-08     
25056     Mn56      1238270000.0          0.00097               0.000103666684884     1.00556684338e-07     
25056     Mn56      3369840000.0          0.0017                0.000103666684884     1.76233364304e-07     
25056     Mn56      2959920000.0          0.00307               0.000103666684884     3.18256722595e-07     
25056     Mn56      2657560000.0          0.00645               0.000103666684884     6.68650117505e-07     
25056     Mn56      2523060000.0          0.0102                0.000103666684884     1.05740018582e-06     
26055     Fe55      125949000.0           1.3e-09               3968.40805927         5.15893047706e-06     
1025052   Mn52-M    3951000000.0          7.0013e-06            1.20635794899         8.44607390823e-06     
25056     Mn56      2113090000.0          0.142                 0.000103666684884     1.47206692536e-05     
1025052   Mn52-M    3771700000.0          1.80033e-05           1.20635794899         2.1718424063e-05      
25056     Mn56      1810730000.0          0.269                 0.000103666684884     2.78863382339e-05     
1025052   Mn52-M    3381500000.0          2.50046e-05           1.20635794899         3.01644979712e-05     
1025052   Mn52-M    4815400000.0          2.50046e-05           1.20635794899         3.01644979712e-05     
27057     Co57      230270000.0           4e-06                 20.5527593473         8.22110373891e-05     
1025052   Mn52-M    2337400000.0          7.0013e-05            1.20635794899         8.44607390823e-05     
1025052   Mn52-M    2038000000.0          8.00148e-05           1.20635794899         9.65264900165e-05     
25056     Mn56      846764000.0           0.9885                0.000103666684884     0.000102474518008     
1025052   Mn52-M    3161800000.0          0.000220041           1.20635794899         0.000265448209453     
27057     Co57      366740000.0           1.3e-05               20.5527593473         0.000267185871514     
1025052   Mn52-M    704600000.0           0.000280052           1.20635794899         0.000337842956329     
1025052   Mn52-M    1333620000.0          0.000300056           1.20635794899         0.000361974940741     
1025052   Mn52-M    1530670000.0          0.000460085           1.20635794899         0.000555027196959     
27057     Co57      352340000.0           3.2e-05               20.5527593473         0.000657688299113     
27057     Co57      339670000.0           3.8e-05               20.5527593473         0.000781004855196     
27057     Co57      706420000.0           5e-05                 20.5527593473         0.00102763796736      
26052     Fe52      1039940000.0          0.00095               1.15483534832         0.0010970935809       
1025052   Mn52-M    1727530000.0          0.00220041            1.20635794899         0.00265448209453      
27058     Co58      1674710000.0          0.00528               0.540621485754        0.00285448144478      
27057     Co57      569940000.0           0.00015               20.5527593473         0.00308291390209      
27058     Co58      863958000.0           0.007                 0.540621485754        0.00378435040028      
27056     Co56      3611800000.0          8.4e-05               161.464358903         0.0135630061478       
27056     Co56      3369690000.0          0.000103              161.464358903         0.016630828967        
1025052   Mn52-M    377738000.0           0.0167992             1.20635794899         0.0202658484566       
27056     Co56      3600710000.0          0.000167              161.464358903         0.0269645479367       
27056     Co56      2657400000.0          0.000195              161.464358903         0.031485549986        
27056     Co56      1272200000.0          0.000202              161.464358903         0.0326158004983       
27057     Co57      692010000.0           0.00159               20.5527593473         0.0326788873622       
27056     Co56      263410000.0           0.000234              161.464358903         0.0377826599832       
27056     Co56      411380000.0           0.000269              161.464358903         0.0434339125448       
27056     Co56      674700000.0           0.00035               161.464358903         0.0565125256159       
27056     Co56      655000000.0           0.00038               161.464358903         0.061356456383        
27056     Co56      1198780000.0          0.00044               161.464358903         0.0710443179171       
27056     Co56      852780000.0           0.00049               161.464358903         0.0791175358623       
27056     Co56      1089030000.0          0.00054               161.464358903         0.0871907538074       
27056     Co56      486540000.0           0.00058               161.464358903         0.0936493281635       
27056     Co56      1640450000.0          0.000621              161.464358903         0.100269366878        
27056     Co56      2523000000.0          0.00063               161.464358903         0.101722546109        
27056     Co56      896503000.0           0.000704              161.464358903         0.113670908667        
27056     Co56      1462340000.0          0.000778              161.464358903         0.125619271226        
27056     Co56      2373700000.0          0.00078               161.464358903         0.125942199944        
27056     Co56      1159930000.0          0.00088               161.464358903         0.142088635834        
27056     Co56      996939000.0           0.00116               161.464358903         0.187298656327        
27056     Co56      2276360000.0          0.00118               161.464358903         0.190527943505        
27056     Co56      1335380000.0          0.001228              161.464358903         0.198278232732        
27056     Co56      1140360000.0          0.00132               161.464358903         0.213132953751        
27056     Co56      1442750000.0          0.0018                161.464358903         0.290635846025        
27056     Co56      733509000.0           0.00191               161.464358903         0.308396925504        
27056     Co56      3547930000.0          0.001956              161.464358903         0.315824286013        
27056     Co56      787739000.0           0.0031                161.464358903         0.500539512598        
27058     Co58      810760000.0           0.9944                0.540621485754        0.537594005433        
27056     Co56      2113090000.0          0.00376               161.464358903         0.607105989474        
27056     Co56      2212900000.0          0.00385               161.464358903         0.621637781775        
25052     Mn52      2257360000.0          2.7e-05               25773.0326708         0.695871882112        
27056     Co56      1810730000.0          0.00639               161.464358903         1.03175725339         
27056     Co56      1963700000.0          0.00706               161.464358903         1.13993837385         
26052     Fe52      168689000.0           0.991                 1.15483534832         1.14444183018         
1025052   Mn52-M    1434050000.0          0.982182              1.20635794899         1.18486306305         
27056     Co56      3451120000.0          0.00942               161.464358903         1.52099426086         
27055     Co55      3108700000.0          6e-05                 25430.6771267         1.5258406276          
27056     Co56      3009560000.0          0.01038               161.464358903         1.67600004541         
27057     Co57      14413000.0            0.0915                20.5527593473         1.88057748027         
27057     Co57      136474000.0           0.1071                20.5527593473         2.20120052609         
27056     Co56      977363000.0           0.01422               161.464358903         2.29602318359         
27056     Co56      3272980000.0          0.01855               161.464358903         2.99516385764         
27056     Co56      1175090000.0          0.02249               161.464358903         3.63133343172         
27055     Co55      1941000000.0          0.00015               25430.6771267         3.81460156901         
24051     Cr51      320084000.0           0.0989                39.3079494707         3.88755620266         
27056     Co56      2015180000.0          0.03017               161.464358903         4.87137970809         
27056     Co56      3201930000.0          0.03203               161.464358903         5.17170341565         
27056     Co56      1360200000.0          0.0428                161.464358903         6.91067456103         
25052     Mn52      1981070000.0          0.00035               25773.0326708         9.02056143479         
27055     Co55      1622400000.0          0.00044000025         25430.6771267         11.1895042934         
25052     Mn52      901870000.0           0.00044               25773.0326708         11.3401343752         
27055     Co55      2577700000.0          0.00047000025         25430.6771267         11.9524246072         
27055     Co55      1555800000.0          0.00048               25430.6771267         12.2067250208         
27056     Co56      2034750000.0          0.07741               161.464358903         12.4989560226         
27056     Co56      3253400000.0          0.0787                161.464358903         12.7072450456         
25052     Mn52      1045720000.0          0.0005                25773.0326708         12.8865163354         
25052     Mn52      1645780000.0          0.00052               25773.0326708         13.4019769888         
27055     Co55      2938900000.0          0.00054999975         25430.6771267         13.986866062          
27057     Co57      122061000.0           0.8551                20.5527593473         17.5746645178         
25052     Mn52      200580000.0           0.00076               25773.0326708         19.5875048298         
27055     Co55      1792200000.0          0.0008199975          25430.6771267         20.8530916672         
27056     Co56      1037830000.0          0.1403                161.464358903         22.653449554          
25052     Mn52      398080000.0           0.00089               25773.0326708         22.937999077          
27055     Co55      2144000000.0          0.00096               25430.6771267         24.4134500416         
27056     Co56      1771330000.0          0.1545                161.464358903         24.9462434504         
27056     Co56      2598440000.0          0.1696                161.464358903         27.3843552699         
27055     Co55      2872300000.0          0.0011900025          25430.6771267         30.2625693575         
25052     Mn52      399560000.0           0.0018                25773.0326708         46.3914588075         
25052     Mn52      502070000.0           0.0021                25773.0326708         54.1233686087         
27055     Co55      827500000.0           0.0024                25430.6771267         61.0336251041         
27055     Co55      1212700000.0          0.0027                25430.6771267         68.6628282421         
27055     Co55      2177400000.0          0.0027                25430.6771267         68.6628282421         
25052     Mn52      1247850000.0          0.0038                25773.0326708         97.9375241491         
25052     Mn52      600180000.0           0.0039                25773.0326708         100.514827416         
25052     Mn52      647490000.0           0.0041                25773.0326708         105.66943395          
27056     Co56      1238270000.0          0.6641                161.464358903         107.228480747         
27055     Co55      984600000.0           0.0051999975          25430.6771267         132.239457482         
27055     Co55      385200000.0           0.0059000025          25430.6771267         150.041058624         
27056     Co56      846764000.0           0.999399              161.464358903         161.367318823         
25054     Mn54      834848000.0           0.999752              250.781997959         250.719804024         
27055     Co55      519900000.0           0.009999975           25430.6771267         254.3061355           
25052     Mn52      346030000.0           0.0101                25773.0326708         260.307629975         
27055     Co55      411400000.0           0.011000025           25430.6771267         279.738084161         
27055     Co55      92000000.0            0.012399975           25430.6771267         315.339760604         
27055     Co55      803400000.0           0.019700025           25430.6771267         500.984975163         
27055     Co55      1369800000.0          0.029499975           25430.6771267         750.204339471         
25052     Mn52      848130000.0           0.0335                25773.0326708         863.396594473         
25052     Mn52      1246250000.0          0.0423                25773.0326708         1090.19928198         
25052     Mn52      1333620000.0          0.0507                25773.0326708         1306.69275641         
27055     Co55      1316500000.0          0.070100025           25430.6771267         1782.69110235         
27055     Co55      1408500000.0          0.16599975            25430.6771267         4221.48604537         
27055     Co55      477200000.0           0.204                 25430.6771267         5187.85813385         
27055     Co55      931300000.0           0.75                  25430.6771267         19073.007845          
25052     Mn52      744214000.0           0.9034                25773.0326708         23283.3577148         
25052     Mn52      935520000.0           0.949                 25773.0326708         24458.6080046         
25052     Mn52      1434050000.0          0.99987               25773.0326708         25769.6821766         
