21886500.0     8.08e-09       
22008760.0     7.353e-08      
22131020.0     9.8009e-07     
22253280.0     1.88666e-06    
22375540.0     2.79322e-06    
22497800.0     3.69979e-06    
22620060.0     4.60636e-06    
22742320.0     5.51292e-06    
22864580.0     6.41949e-06    
22986840.0     7.32605e-06    
23109100.0     8.23262e-06    
23231360.0     9.13918e-06    
23353620.0     1.004575e-05   
23475880.0     1.095232e-05   
23598140.0     1.185888e-05   
23720400.0     1.276545e-05   
23842660.0     1.367201e-05   
23964920.0     1.457858e-05   
24087180.0     2.273792e-05   
24209440.0     3.381567e-05   
24331700.0     4.489342e-05   
24453960.0     5.597118e-05   
24576220.0     6.704893e-05   
24698480.0     7.812668e-05   
24820740.0     8.920443e-05   
24943000.0     0.00010028219  
25065260.0     0.00011135994  
25187520.0     0.00012243769  
25309780.0     0.00013351544  
25432040.0     0.0001445932   
25554300.0     0.00015567095  
25676560.0     0.0001667487   
25798820.0     0.00017782645  
25921080.0     0.0001889042   
26043340.0     0.00020482736  
26165600.0     0.00022957376  
26287860.0     0.00025432017  
26410120.0     0.00027906662  
26532380.0     0.00030381322  
26654640.0     0.00032855982  
26776900.0     0.00035330641  
26899160.0     0.00037805301  
27021420.0     0.00040279961  
27143680.0     0.0004275462   
27265940.0     0.0004522928   
27388200.0     0.00047703939  
27510460.0     0.00050178599  
27632720.0     0.00052653259  
27754980.0     0.00055127918  
27877240.0     0.00057602578  
27999500.0     0.00060077237  
